25442940
26514660
28710660
28674060
25058640
24784140
24857340
25772340
25662540
28224540
24180240
26862360
25233660
25811280
24857340
26007900
26595840
25699140
25855860
27024720
26961840
23411640
28480740
23523780
24381540
27923760
25918740
23924040
24381540
25434960
24747540
24279720
25489860
24070440
24582840
25790640
25278240
23576340
24648060
25426980
25241640
25607640
25479540
25040340
27254640
25607640
24802440
24948840
25286220
28553940
25884480
24381540
25424640
24692640
26496360
24308340
26138340
26762880
25424640
25369740
24044160
24637740
23741040
28480740
27108240
25003740
25839900
24574860
24161940
27748740
27775020
28133040
28425840
25487520
25123860
24556560
26980140
24355260
27913440
26943540
25076940
25042680
26065140
24802440
26303040
28444140
24381540
27429660
24436440
25434960
26028540
24875640
24776160
24399840
26488380
25278240
24235140
25463580
24308340
25003740
25772340
