16822440
17426340
16629120
16438140
20863980
18780540
18341340
18140040
18103440
17196420
21891540
20793540
16621140
16090440
19065360
19520520
18132060
17847240
17609340
17334840
16602840
19841940
16895640
18926940
19933440
16913940
18615840
15907440
18414540
18798840
16291740
21426060
17261640
16785840
16493040
18934920
16255140
23996040
19063020
18239520
19117920
18030240
17462940
19805340
18304740
17060340
16987140
17180460
17499540
16932240
18097800
18019920
19475940
18085140
16218540
16913940
17060340
18825120
17609340
18542640
16840740
19970040
18926940
20519040
18351660
18213240
18506040
20994840
20858760
15669540
20163360
19970040
17133540
16419840
18634140
16639440
22129440
18872040
17580720
16796160
18377940
17700840
18926940
16859040
16987140
17774040
18615840
20618520
17353140
20116440
17188440
18066840
20281140
18890340
17023740
17627640
17810640
17188440
20344020
20106120
