17877330
17877330
17877330
17951875
17960425
17960425
17960425
17960425
17960425
17960425
17960425
17960425
17960425
17960425
17960425
17960425
17960425
17960425
17960425
17960425
17960425
17960425
17960425
17960425
17960425
17960425
17960425
17960425
17960425
17960425
17960425
17960425
17960425
17960425
17960425
17960425
17960425
17960425
17960425
18055920
18055920
18055920
18055920
18198295
18206275
18206275
18206275
18206275
18206275
18367300
18367300
18367300
19008170
19008170
19377120
19377120
19482285
19606260
19606260
19967710
19967710
19967710
19967710
19967710
19967710
19967710
19967710
19967710
20383325
20387600
20387600
20726625
20744925
21001125
21001125
21001125
21001125
21001125
21001125
21001125
21001125
21001125
21001125
21073305
21073305
21073305
21161085
21161085
21161085
21161085
21161085
21175280
21175280
21433620
21433620
22094140
22094140
22094140
22263365
22263365
22263365
22263365
22263365
22263365
22263365
22263365
22263365
22887475
22887475
22960675
23052175
23112025
23112025
23451050
23560850
23848130
23848130
23848130
23848130
23848130
23848130
23848130
23848130
23848130
23848130
23848130
23848130
23848130
23848130
23848130
23848130
23848130
23848130
23848130
23848130
23848130
23848130
23848130
23848130
23848130
23848130
23848130
23848130
23848130
23848130
23848130
23848130
23848130
23848130
23848130
23848130
23848130
23848130
23848130
23848130
23848130
23848130
23848130
23848130
23848130
23848130
23848130
23848130
23848130
23848130
23848130
23848130
23848130
23848130
23848130
23848130
23848130
23848130
23848130
23848130
23848130
23848130
23848130
23848130
23848130
23848130
23848130
23848130
23848130
23848130
23848130
23848130
23848130
23848130
23848130
23848130
23848130
23848130
23848130
23848130
23848130
23848130
23848130
23848130
23848130
23848130
23848130
23848130
23848130
23848130
23848130
23848130
23848130
23848130
23848130
23848130
23848130
23848130
23848130
23848130
23848130
23848130
23848130
23848130
23848130
23848130
23848130
23848130
23848130
23848130
23848130
23848130
23848130
23848130
23848130
23848130
23848130
23848130
23848130
23848130
23848130
23848130
23848130
23848130
23848130
23848130
23848130
23848130
23848130
23848130
23848130
23848130
23848130
23848130
23848130
23848130
23848130
23848130
23848130
23848130
23848130
23848130
23848130
23848130
23848130
23848130
23848130
23848130
23848130
23848130
23848130
23848130
23848130
23848130
23848130
23848130
23848130
23848130
23848130
23848130
23848130
23848130
23848130
23848130
23848130
23848130
23848130
23848130
23848130
23848130
23848130
23848130
23848130
23848130
23848130
23848130
23848130
23848130
23848130
23848130
23848130
23848130
23848130
23848130
23848130
23848130
23848130
23848130
23848130
23848130
23848130
23848130
23848130
23848130
23848130
23848130
23848130
23848130
23848130
23848130
23848130
23848130
23848130
23848130
23848130
23848130
23848130
23848130
23848130
23848130
23848130
23848130
23848130
23848130
23848130
23848130
23848130
23848130
23848130
23848130
23848130
23848130
23848130
23848130
23848130
23848130
23848130
23848130
23848130
23848130
23848130
23848130
23848130
23848130
23848130
23848130
23848130
23848130
23848130
23848130
23848130
23848130
23848130
23848130
23848130
23848130
23848130
23848130
23848130
23848130
23848130
23848130
23848130
23848130
23848130
23848130
23848130
23848130
23848130
23848130
23848130
23848130
23848130
23848130
23848130
23848130
23848130
23848130
23848130
23848130
23848130
23848130
23848130
23848130
23848130
23848130
23848130
23848130
23848130
23848130
23848130
23848130
23848130
23848130
23848130
23848130
23848130
23848130
23848130
23848130
23848130
23848130
23848130
23848130
23848130
23848130
23848130
23848130
23848130
23848130
23848130
23848130
23848130
23848130
23848130
23848130
23848130
23848130
23848130
23848130
23848130
23848130
23848130
23848130
23848130
23848130
23848130
23848130
23848130
23848130
23848130
23848130
23848130
23848130
23848130
23848130
23848130
23848130
23848130
23848130
23848130
23848130
23848130
23848130
23848130
23848130
23848130
23848130
23848130
23848130
23848130
23848130
23848130
23848130
23848130
23848130
23848130
23848130
23848130
23848130
23848130
23848130
23848130
23848130
23848130
23848130
23848130
23848130
23848130
23848130
23848130
23848130
23848130
23848130
23848130
23848130
23848130
23848130
23848130
23848130
23848130
23848130
23848130
23848130
23848130
23848130
23848130
23848130
23848130
23848130
23848130
23848130
23848130
23848130
23848130
23848130
23848130
23848130
23848130
23848130
23848130
23848130
23848130
23848130
23848130
23848130
23848130
23848130
23848130
23848130
23848130
23848130
23848130
23848130
23848130
23848130
23848130
23848130
23848130
23848130
23848130
23848130
23848130
23848130
23848130
23848130
23848130
23848130
23848130
23848130
23848130
23848130
23848130
23848130
23848130
23848130
23848130
23848130
23848130
23848130
23848130
23848130
23848130
23848130
23848130
23848130
23848130
23848130
23848130
23848130
23848130
23848130
23848130
23848130
23848130
23848130
23848130
23848130
23848130
23848130
23848130
23848130
23848130
23848130
23848130
23848130
23848130
23848130
23848130
23848130
23848130
23848130
23848130
23848130
23848130
23848130
23848130
23848130
23848130
23848130
23848130
23848130
23848130
23848130
23848130
23848130
23848130
23848130
23848130
23848130
23848130
23848130
23848130
23848130
23848130
23848130
23848130
23848130
23848130
23848130
23848130
23848130
23848130
23848130
23848130
23848130
23848130
23848130
23848130
23848130
23848130
23848130
23848130
23848130
23848130
23848130
23848130
23848130
23848130
23848130
23848130
23848130
23848130
23848130
23848130
23848130
23848130
23848130
23848130
23848130
23848130
23848130
23848130
23848130
23848130
23848130
23848130
23848130
23848130
23848130
23848130
23848130
23848130
23848130
23848130
23848130
23848130
23848130
23848130
23848130
23848130
23848130
23848130
23848130
23848130
23848130
23848130
23848130
23848130
23848130
23848130
23848130
23848130
23848130
23848130
23848130
23848130
23848130
23848130
23848130
23848130
23848130
23848130
23848130
23848130
23848130
23848130
23848130
23848130
23848130
23848130
23848130
23848130
23848130
23848130
23848130
23848130
23848130
23848130
23848130
23848130
23848130
23848130
23848130
23848130
23848130
23848130
23848130
23848130
23848130
23848130
23848130
23848130
23848130
23848130
23848130
23848130
23848130
23848130
23848130
23848130
23848130
23848130
23848130
23848130
23848130
23848130
23848130
23848130
23848130
23848130
23848130
23848130
23848130
23848130
23848130
23848130
23848130
23848130
23848130
23848130
23848130
23848130
23848130
23848130
23848130
23848130
23848130
23848130
23848130
23848130
23848130
23848130
23848130
23848130
23848130
23848130
23848130
23848130
23848130
23848130
23848130
23848130
23848130
23848130
23848130
23848130
23848130
23848130
23848130
23848130
23848130
23848130
23848130
23848130
23848130
23848130
23848130
23848130
23848130
23848130
23848130
23848130
23848130
23848130
23848130
23848130
23848130
23848130
23848130
23848130
23848130
23848130
23848130
23848130
23848130
23848130
23848130
23848130
23848130
23848130
23848130
23848130
23848130
23848130
23848130
23848130
23848130
23848130
23848130
23848130
23848130
23848130
23848130
23848130
23848130
23848130
23848130
23848130
23848130
23848130
23848130
23848130
23848130
23848130
23848130
23848130
23848130
23848130
23848130
23848130
23848130
23848130
23848130
23848130
23848130
23848130
23848130
23848130
23848130
23848130
23848130
23848130
23848130
23848130
23848130
23928425
23928425
23928425
23928425
23928425
23928425
24097400
24097400
24097400
24157250
24157250
24157250
24157250
24157250
24157250
24157250
24157250
24157250
24157250
24157250
24157250
24157250
24157250
24157250
24157250
24157250
24157250
24157250
24157250
24157250
24157250
24157250
24157250
24566000
24566000
24566000
24566000
24566000
24566000
24566000
24566000
24566000
24566000
24566000
24566000
24566000
24566000
24566000
24566000
24566000
24566000
24566000
24566000
24566000
24566000
24566000
24566000
24566000
24566000
24566000
24566000
24566000
24566000
24566000
24566000
24566000
24566000
24566000
24566000
24566000
24566000
24566000
24566000
24566000
24566000
24566000
24566000
24566000
24566000
24566000
24566000
24566000
24566000
24566000
24566000
24566000
24566000
24566000
24566000
24566000
24566000
24566000
24566000
24566000
24566000
24566000
24566000
24566000
24566000
24566000
24566000
24566000
24566000
24566000
24566000
24566000
24566000
