17456265
17456265
17456265
17456265
17465670
18051270
18094020
18094020
18094020
18419080
18419080
18419080
18419080
18419080
18419080
18419080
18419080
18419080
18419080
18419080
18419080
18419080
18419080
18419080
18419080
18419080
18419080
18419080
18419080
18419080
18419080
18419080
18419080
18419080
18419080
18419080
18419080
18419080
18419080
18419080
18419080
18419080
18419080
18419080
18419080
18419080
18419080
18419080
18419080
18419080
18419080
18419080
18419080
18419080
18419080
18419080
18419080
18419080
18419080
18419080
18419080
18419080
18419080
18419080
18419080
18419080
18419080
18419080
18419080
18419080
18419080
18419080
18419080
18419080
18419080
18419080
18419080
18419080
18419080
18419080
18419080
18419080
18419080
18419080
18419080
18419080
18419080
18419080
18419080
18419080
18419080
18419080
18419080
18419080
18419080
18419080
18419080
18419080
18419080
18419080
18419080
18419080
18419080
18419080
18419080
18419080
18419080
18419080
18419080
18419080
18419080
18419080
18419080
18419080
18419080
18419080
18419080
18419080
18690350
18690350
18690350
18690350
18690350
18690350
18690350
18690350
18690350
18690350
18690350
18690350
18690350
18690350
18690350
18690350
18817445
18817445
18841385
18841385
18841385
18914585
18914585
19039860
19039860
19039860
19039860
19103135
19103135
19267865
19267865
19267865
19606890
19606890
19945915
19945915
20009755
20009755
20009755
20110360
20110360
20148550
20148550
20253305
20341085
20452235
20690135
20825795
20825795
20825795
21247380
21247380
21932755
21940735
21995635
21995635
22334660
22334660
22467240
22547040
22547040
22547040
22547040
22547040
22547040
22547040
22547040
22547040
22547040
22547040
22547040
22547040
22547040
22547040
22547040
22547040
22547040
22547040
22547040
22547040
22547040
22547040
22547040
22547040
22547040
22547040
22547040
22547040
22619065
22619065
22619065
22858340
22858340
22943840
22943840
22943840
23515140
23515140
23515140
23515140
23515140
23515140
23515140
23515140
23515140
23515140
23546175
23546175
23821075
24443275
24443275
24443275
24516055
24603835
24677035
24677035
24677035
24677035
24677035
24677035
24677035
24677035
24844605
24844605
24844605
24844605
24852745
24852745
24852745
24852745
24852745
24852745
24852745
24852745
24852745
24852745
24852745
24852745
24852745
24852745
24852745
24852745
24852745
24852745
24852745
24852745
24852745
24852745
24852745
24852745
24852745
24852745
24852745
24852745
24852745
24852745
24852745
24852745
24852745
24852745
24852745
24852745
24852745
24852745
24852745
24852745
24852745
24852745
24852745
24852745
24852745
24852745
24852745
24852745
24852745
24852745
24852745
24852745
24852745
24852745
24852745
24852745
24852745
24852745
24852745
24852745
24852745
24852745
24852745
24852745
24852745
24852745
24852745
24852745
24852745
24852745
24852745
24852745
24852745
24852745
24852745
24852745
24852745
24852745
24852745
24852745
24852745
24852745
24852745
24852745
24852745
24852745
24852745
24852745
24852745
24852745
24852745
24852745
24852745
24852745
24852745
24852745
24852745
24852745
24852745
24852745
24852745
24852745
24852745
24852745
24852745
24852745
24852745
24852745
24852745
24852745
24852745
24852745
24852745
24852745
24852745
24852745
24852745
24852745
24852745
24852745
24852745
24852745
24852745
24852745
24852745
24852745
24852745
24852745
24852745
24852745
24852745
24852745
24852745
24852745
24852745
24852745
24852745
24852745
24852745
24852745
24852745
24852745
24852745
24852745
24852745
24852745
24852745
24852745
24852745
24852745
24852745
24852745
24852745
24852745
24852745
24852745
24852745
24852745
24852745
24852745
24852745
24852745
24852745
24852745
24852745
24852745
24852745
24852745
24852745
24852745
24852745
24852745
24852745
24852745
24852745
24852745
24852745
24852745
24852745
24852745
24852745
24852745
24852745
24852745
24852745
24852745
24852745
24852745
24852745
24852745
24852745
24852745
24852745
24852745
24852745
24852745
24852745
24852745
24852745
24852745
24852745
24852745
24852745
24852745
24852745
24852745
24852745
24852745
24852745
24852745
24852745
24852745
24852745
24852745
24852745
24852745
24852745
24852745
24852745
24852745
24852745
24852745
24852745
24852745
24852745
24852745
24852745
24852745
24852745
24852745
24852745
24852745
24852745
24852745
24852745
24852745
24852745
24852745
24852745
24852745
24852745
24852745
24852745
24852745
24852745
24852745
24852745
24852745
24852745
24852745
24852745
24852745
24852745
24852745
24852745
24852745
24852745
24852745
24852745
24852745
24852745
24852745
24852745
24852745
24852745
24852745
24852745
24852745
24852745
24852745
24852745
24852745
24852745
24852745
24852745
24852745
24852745
24852745
24852745
24852745
24852745
24852745
24852745
24852745
24852745
24852745
24852745
24852745
24852745
24852745
24852745
24852745
24852745
24852745
24852745
24852745
24852745
24852745
24852745
24852745
24852745
24852745
24852745
24852745
24852745
24852745
24852745
24852745
24852745
24852745
24852745
24852745
24852745
24852745
24852745
24852745
24852745
24852745
24852745
24852745
24852745
24852745
24852745
24852745
24852745
24852745
24852745
24852745
24852745
24852745
24852745
24852745
24852745
24852745
24852745
24852745
24852745
24852745
24852745
24852745
24852745
24852745
24852745
24852745
24852745
24852745
24852745
24852745
24852745
24852745
24852745
24852745
24852745
24852745
24852745
24852745
24852745
24852745
24852745
24852745
24852745
24852745
24852745
24852745
24852745
24852745
24852745
24852745
24852745
24852745
24852745
24852745
24852745
24852745
24852745
24852745
24852745
24852745
24852745
24852745
24852745
24852745
24852745
24852745
24852745
24852745
24852745
24852745
24852745
24852745
24852745
24852745
24852745
24852745
24852745
24852745
24852745
24852745
24852745
24852745
24852745
24852745
24852745
24852745
24852745
24852745
24852745
24852745
24852745
24852745
24852745
24852745
24852745
24852745
24852745
24852745
24852745
24852745
24852745
24852745
24852745
24852745
24852745
24852745
24852745
24852745
24852745
24852745
24852745
24852745
24852745
24852745
24852745
24852745
24852745
24852745
24852745
24852745
24852745
24852745
24852745
24852745
24852745
24852745
24852745
24852745
24852745
24852745
24852745
24852745
24852745
24852745
24852745
24852745
24852745
24852745
24852745
24852745
24852745
24852745
24852745
24852745
24852745
24852745
24852745
24852745
24852745
24852745
24852745
24852745
24852745
24852745
24852745
24852745
24852745
24852745
24852745
24852745
24852745
24852745
24852745
24852745
24852745
24852745
24852745
24852745
24852745
24852745
24852745
24852745
24852745
24852745
24852745
24852745
24852745
24852745
24852745
24852745
24852745
24852745
24852745
24852745
24852745
24852745
24852745
24852745
24852745
24852745
24852745
24852745
24852745
24852745
24852745
24852745
24852745
24852745
24852745
24852745
24852745
24852745
24852745
24852745
24852745
24852745
24852745
24852745
24852745
24852745
24852745
24852745
24852745
24852745
24852745
24852745
24852745
24852745
24852745
24852745
24852745
24852745
24852745
24852745
24852745
24852745
24852745
24852745
24852745
24852745
24852745
24852745
24852745
24852745
24852745
24852745
24852745
24852745
24852745
24852745
24852745
24852745
24852745
24852745
24852745
24852745
24852745
24852745
24852745
24852745
24852745
24852745
24852745
24852745
24852745
24852745
24852745
24852745
24852745
24852745
24852745
24852745
24852745
24852745
24852745
24852745
24852745
24852745
24852745
24852745
24852745
24852745
24852745
24852745
24852745
24852745
24852745
24852745
24852745
24852745
24852745
24852745
24852745
24852745
24852745
24852745
24852745
24852745
24852745
24852745
24852745
24852745
24852745
24852745
24852745
24852745
24852745
24852745
24852745
24852745
24852745
24852745
24852745
24852745
24852745
24852745
24852745
24852745
24852745
24852745
24852745
24852745
24852745
24852745
24852745
24852745
24852745
24852745
24852745
24852745
24852745
24852745
24852745
24852745
24852745
24852745
24852745
24852745
24852745
24852745
24852745
24852745
24852745
24852745
24852745
24852745
24852745
24852745
24852745
24852745
24852745
24852745
24852745
24852745
24852745
24852745
24852745
24852745
24852745
24852745
24852745
24852745
24852745
24852745
24852745
24852745
24852745
24852745
24852745
24852745
24852745
24852745
24852745
24852745
24852745
24852745
24852745
24852745
24852745
24852745
24852745
24852745
24852745
24852745
24852745
24852745
24852745
24852745
24852745
24852745
24852745
24852745
24852745
24852745
24852745
24852745
24852745
24852745
24852745
24852745
24852745
24852745
24852745
24852745
24852745
24852745
24852745
24852745
24852745
24852745
24852745
24852745
24852745
24852745
24852745
24852745
24852745
24852745
24852745
24852745
24852745
24852745
24852745
24852745
24852745
24852745
24852745
24852745
24852745
24852745
24852745
24852745
24852745
24852745
24852745
24852745
24852745
24852745
24852745
24852745
24852745
24852745
24852745
24852745
24852745
24852745
24852745
24852745
24852745
24852745
24852745
24852745
24852745
24852745
24852745
24852745
24852745
24852745
24852745
24852745
24852745
24852745
24852745
24852745
24852745
24852745
24852745
24852745
24852745
24852745
24852745
24852745
24852745
24852745
24852745
24852745
24852745
24852745
24852745
24852745
24852745
24852745
24852745
24852745
24852745
24852745
24852745
24852745
24852745
24852745
24852745
24852745
24852745
24852745
24852745
24852745
24852745
24852745
24852745
24852745
24852745
24852745
24852745
24852745
24852745
24852745
24852745
24852745
24852745
24852745
24852745
24852745
24852745
24852745
24852745
24852745
24852745
24852745
24852745
24852745
24852745
24852745
24852745
24852745
24852745
24852745
24852745
24852745
24852745
24852745
24852745
24852745
24852745
24852745
24852745
24852745
24852745
24852745
24852745
24852745
24852745
24852745
24852745
24852745
24852745
24852745
24852745
24852745
24852745
24852745
24852745
24852745
24852745
24852745
24852745
24852745
24852745
24852745
24852745
24852745
24852745
24852745
24852745
24852745
24852745
24852745
24852745
24852745
24852745
24852745
24852745
24852745
24852745
24852745
24852745
24852745
24852745
24852745
24852745
24852745
24852745
24852745
24852745
24852745
24852745
24852745
24852745
24852745
24852745
24852745
24852745
24852745
24852745
24852745
24852745
24852745
24852745
24852745
24852745
24852745
24852745
24852745
24852745
24852745
24852745
24852745
24852745
24852745
24852745
24852745
24852745
24852745
24852745
24852745
24852745
24852745
24852745
24852745
24852745
24852745
24852745
24852745
24852745
24852745
24852745
24852745
24852745
24852745
24852745
24852745
24852745
24852745
24852745
24852745
24852745
24852745
24852745
24852745
24852745
24852745
24852745
24852745
24852745
24852745
24852745
24852745
24852745
24852745
24852745
24852745
24852745
24852745
24852745
24852745
24852745
24852745
24852745
24852745
24852745
24852745
24852745
24852745
24852745
24852745
24852745
24852745
24852745
24852745
24852745
24852745
24852745
24852745
24852745
24852745
24852745
24852745
24852745
24852745
24852745
24852745
24852745
24852745
24852745
24852745
24852745
24852745
24852745
24852745
24852745
24852745
24852745
24852745
24852745
24852745
24852745
24852745
24852745
24852745
24852745
24852745
24852745
24852745
24852745
24852745
24852745
24852745
24852745
24852745
24852745
24852745
24852745
24852745
24852745
24852745
24852745
24852745
24852745
24852745
24852745
24852745
24852745
24852745
24852745
24852745
24852745
24852745
24852745
24852745
24852745
24852745
24852745
24852745
24852745
24852745
24852745
24852745
24852745
24852745
24852745
24852745
24852745
24852745
24852745
24852745
24852745
24852745
24852745
24852745
24852745
24852745
24852745
24852745
24852745
24852745
24852745
24852745
24852745
24852745
24852745
24852745
24852745
24852745
24852745
24852745
24852745
24852745
24852745
24852745
24852745
24852745
24852745
24852745
24852745
24852745
24852745
24852745
24852745
24852745
24852745
24852745
24852745
24852745
24852745
24852745
24852745
24852745
24852745
24852745
24852745
24852745
24852745
24852745
24852745
24852745
24852745
24852745
24852745
24852745
24852745
24852745
24852745
24852745
24852745
24852745
24852745
24852745
24852745
24852745
24852745
24852745
24852745
24852745
24852745
24852745
24852745
24852745
24852745
24852745
24852745
24852745
24852745
24852745
24852745
24852745
24852745
24852745
24852745
24852745
24852745
24852745
24852745
24852745
24852745
24852745
24852745
24852745
24852745
24852745
24852745
24852745
24852745
24852745
24852745
24852745
24852745
24852745
24852745
24852745
24852745
24852745
24852745
24852745
24852745
24852745
24852745
24852745
24852745
24852745
24852745
24852745
24852745
24852745
24852745
24852745
24852745
24852745
24852745
24852745
24852745
24852745
24852745
24852745
24852745
24852745
24852745
24852745
24852745
24852745
24852745
24852745
24852745
24852745
24852745
24852745
24852745
24852745
24852745
24852745
24852745
24852745
24852745
24852745
24852745
24852745
24852745
24852745
24852745
24852745
24852745
24852745
24852745
24852745
24852745
24852745
24852745
24852745
24852745
24852745
24852745
24852745
24852745
24852745
24852745
24852745
24852745
24852745
24852745
24852745
24852745
24852745
24852745
24852745
24852745
24852745
24852745
24852745
24852745
24852745
24852745
24852745
24852745
24852745
24852745
24852745
24852745
24852745
24852745
24852745
24852745
24852745
24852745
24852745
24852745
24852745
24852745
24852745
24852745
24852745
24852745
24852745
24852745
24852745
24852745
24852745
24852745
24852745
24852745
24852745
24852745
24852745
24852745
24852745
24852745
24852745
24852745
24852745
24852745
24852745
24852745
24852745
24852745
24852745
24852745
24852745
24852745
24852745
24852745
24852745
24852745
24852745
24852745
24852745
24852745
24852745
24852745
24852745
24852745
24852745
24852745
24852745
24852745
24852745
24852745
24852745
24852745
24852745
24852745
24852745
24852745
24852745
24852745
24852745
24852745
24852745
24852745
24852745
24852745
24852745
24852745
24852745
24852745
24852745
24852745
24852745
24852745
24852745
24852745
24852745
24852745
24852745
24852745
24852745
24852745
24852745
24852745
24852745
24852745
24852745
24852745
24852745
24852745
24852745
24852745
24852745
24852745
24852745
24852745
24852745
24852745
24852745
24852745
24852745
24852745
24852745
24852745
24852745
24852745
24852745
24852745
24852745
24852745
24852745
24852745
24852745
24852745
24852745
24852745
24852745
24852745
24852745
24852745
24852745
24852745
24852745
24852745
24852745
24852745
24852745
24852745
24852745
24852745
24852745
24852745
24852745
24852745
24852745
24852745
24852745
24852745
24852745
24852745
24852745
24852745
24852745
24852745
24852745
24852745
24852745
24852745
24852745
24852745
24852745
24852745
24852745
24852745
24852745
24852745
24852745
24852745
24852745
24852745
24852745
24852745
24852745
24852745
24852745
24852745
24852745
24852745
24852745
24852745
24852745
24852745
24852745
24852745
24852745
24852745
24852745
24852745
24852745
24852745
24852745
24852745
24852745
24852745
24852745
24852745
24852745
24852745
24852745
24852745
24852745
24852745
24852745
24852745
24852745
24852745
24852745
24852745
24852745
24852745
24852745
24852745
24852745
24852745
24852745
24852745
24852745
24852745
24852745
24852745
24852745
24852745
24852745
24852745
24852745
24852745
24852745
24852745
24852745
24852745
24852745
24852745
24852745
24852745
24852745
24852745
24852745
24852745
24852745
24852745
24852745
24852745
24852745
24852745
24852745
24852745
24852745
24852745
24852745
24852745
24852745
24852745
24852745
24852745
24852745
24852745
24852745
24852745
24852745
24852745
24852745
24852745
24852745
24852745
24852745
24852745
24852745
24852745
24852745
24852745
24852745
24852745
24852745
24852745
24852745
24852745
24852745
24852745
24852745
24852745
24852745
24852745
24852745
24852745
24852745
24852745
24852745
24852745
24852745
24852745
24852745
24852745
24852745
24852745
24852745
24852745
24852745
24852745
24852745
24852745
24852745
24852745
24852745
24852745
24852745
24852745
24852745
24852745
24852745
24852745
24852745
24852745
24852745
24852745
24852745
24852745
24852745
24852745
24852745
24852745
24852745
24852745
24852745
24852745
24852745
24852745
24852745
24852745
24852745
24852745
24852745
24852745
24852745
24852745
24852745
24852745
24852745
24852745
24852745
24852745
24852745
24852745
24852745
24852745
24852745
24852745
24852745
24852745
24852745
24852745
24852745
24852745
24852745
24852745
24852745
24852745
24852745
24852745
24852745
24852745
24852745
24852745
24852745
24852745
24852745
24852745
24852745
24852745
24852745
24852745
24852745
24852745
24852745
24852745
24852745
24852745
24852745
24852745
24852745
24852745
24852745
24852745
24852745
24852745
24852745
24852745
24852745
24852745
24852745
24852745
24852745
24852745
24852745
24852745
24852745
24852745
24852745
24852745
24852745
24852745
24852745
24852745
24852745
24852745
24852745
24852745
24852745
24852745
24852745
24852745
24852745
24852745
24852745
24852745
24852745
24852745
24852745
24852745
24852745
24852745
24852745
24852745
