17115825
17115825
17115825
17115825
17357110
17357110
17604635
17604635
17604635
17604635
17604635
17604635
17604635
17604635
17604635
17604635
17604635
17604635
17604635
17604635
17604635
17604635
17604635
17604635
17604635
17604635
17604635
17604635
17604635
17604635
17604635
17604635
17604635
17604635
17604635
17604635
17604635
17604635
17604635
17604635
17604635
17604635
17604635
17604635
17604635
17604635
17604635
17604635
17604635
17604635
17604635
17604635
17604635
17604635
17604635
17604635
17604635
17604635
17604635
17604635
17604635
17604635
17604635
17604635
17604635
17604635
17604635
17604635
17604635
17604635
17604635
17604635
17604635
17604635
17604635
17604635
17604635
17604635
17604635
17604635
17604635
17604635
17604635
17604635
17604635
17604635
17604635
17604635
17604635
17604635
17604635
17604635
17604635
17604635
17604635
17604635
17604635
17604635
17604635
17604635
17604635
17604635
17604635
17604635
17604635
17604635
17604635
17604635
17604635
17604635
17604635
17604635
17604635
17604635
17604635
17604635
17604635
17604635
17604635
17604635
17604635
17604635
17604635
17604635
17604635
17604635
17604635
17604635
17604635
17604635
17604635
17604635
17604635
17604635
17604635
17604635
17604635
17604635
17604635
17604635
17604635
17604635
17604635
17604635
17604635
17604635
17604635
17661600
17661600
17779305
17827185
17827185
17856985
17856985
17856985
17856985
17856985
17856985
17864215
17894140
17894140
17894140
17894140
17894140
17894140
17894140
17894140
17894140
17894140
17894140
17894140
17894140
17894140
17894140
17894140
17894140
18170660
18170660
18170660
18170660
18170660
18170660
18170660
18170660
18170660
18170660
18172940
18172940
18172940
18172940
18172940
18172940
18172940
18172940
18172940
18172940
18212230
18212230
18212230
18212230
18420725
18420725
18420725
18420725
18420725
18473905
18547105
18615505
18615505
18615505
18916750
18916750
19255775
19255775
19318190
19318190
19318190
19318190
19599075
19599075
19668490
19668490
19668490
19668490
19668490
19668490
19802315
19967015
20018315
20129465
20129465
20129465
20129465
20129465
20129465
20129465
20129465
20129465
20129465
20129465
20129465
20129465
20129465
20129465
20129465
20129465
20129465
20129465
20129465
20129465
20129465
20129465
20129465
20129465
20129465
20129465
20129465
20129465
20129465
20129465
20129465
20129465
20129465
20129465
20129465
20129465
20129465
20129465
20129465
20129465
20129465
20129465
20129465
20129465
20129465
20129465
20129465
20129465
20129465
20129465
20129465
20129465
20129465
20129465
20129465
20129465
20129465
20129465
20129465
20129465
20129465
20129465
20129465
20129465
20129465
20129465
20129465
20129465
20129465
20129465
20129465
20129465
20129465
20129465
20129465
20129465
20129465
20129465
20129465
20129465
20129465
20129465
20129465
20129465
20129465
20129465
20129465
20129465
20129465
20129465
20129465
20129465
20129465
20129465
20129465
20129465
20129465
20129465
20129465
20129465
20129465
20129465
20129465
20129465
20129465
20129465
20129465
20129465
20129465
20129465
20129465
20129465
20129465
20129465
20129465
20129465
20129465
20129465
20129465
20129465
20129465
20129465
20129465
20129465
20129465
20129465
20129465
20129465
20129465
20129465
20129465
20129465
20129465
20129465
20129465
20129465
20129465
20129465
20129465
20129465
20129465
20129465
20129465
20129465
20129465
20129465
20129465
20129465
20129465
20129465
20129465
20129465
20129465
20129465
20129465
20129465
20129465
20129465
20129465
20129465
20129465
20129465
20129465
20129465
20129465
20129465
20129465
20129465
20129465
20129465
20129465
20129465
20129465
20129465
20129465
20129465
20129465
20129465
20129465
20129465
20129465
20129465
20129465
20129465
20129465
20129465
20129465
20129465
20129465
20129465
20129465
20129465
20129465
20129465
20129465
20129465
20129465
20129465
20129465
20129465
20129465
20129465
20129465
20129465
20129465
20129465
20129465
20129465
20129465
20129465
20129465
20129465
20129465
20129465
20129465
20129465
20129465
20129465
20129465
20129465
20129465
20129465
20129465
20129465
20129465
20129465
20129465
20129465
20129465
20129465
20129465
20129465
20129465
20129465
20129465
20129465
20129465
20129465
20129465
20129465
20129465
20129465
20129465
20129465
20129465
20129465
20129465
20129465
20129465
20129465
20129465
20129465
20129465
20129465
20129465
20129465
20129465
20129465
20129465
20129465
20129465
20129465
20129465
20129465
20129465
20129465
20129465
20129465
20129465
20129465
20129465
20129465
20129465
20129465
20129465
20129465
20129465
20129465
20129465
20129465
20129465
20129465
20129465
20129465
20129465
20129465
20129465
20129465
20129465
20129465
20129465
20129465
20129465
20129465
20129465
20129465
20129465
20129465
20129465
20129465
20129465
20129465
20129465
20129465
20129465
20129465
20129465
20129465
20129465
20129465
20129465
20129465
20129465
20129465
20129465
20129465
20129465
20129465
20129465
20129465
20129465
20129465
20129465
20129465
20129465
20129465
20129465
20129465
20129465
20129465
20129465
20129465
20129465
20129465
20129465
20129465
20129465
20129465
20129465
20129465
20129465
20129465
20129465
20129465
20129465
20129465
20129465
20129465
20129465
20129465
20129465
20129465
20129465
20129465
20129465
20129465
20129465
20129465
20129465
20129465
20129465
20129465
20129465
20129465
20129465
20129465
20129465
20129465
20129465
20129465
20129465
20129465
20129465
20129465
20129465
20129465
20129465
20129465
20129465
20129465
20129465
20129465
20129465
20129465
20129465
20129465
20129465
20129465
20129465
20129465
20129465
20129465
20129465
20129465
20129465
20129465
20129465
20129465
20129465
20129465
20129465
20129465
20129465
20129465
20129465
20129465
20129465
20129465
20129465
20129465
20129465
20129465
20129465
20129465
20129465
20129465
20129465
20129465
20129465
20129465
20129465
20129465
20129465
20129465
20129465
20129465
20129465
20129465
20129465
20129465
20129465
20129465
20129465
20129465
20129465
20129465
20129465
20129465
20129465
20129465
20129465
20129465
20129465
20129465
20129465
20129465
20129465
20129465
20129465
20129465
20129465
20129465
20129465
20129465
20129465
20129465
20129465
20129465
20129465
20129465
20129465
20129465
20129465
20129465
20129465
20129465
20129465
20129465
20129465
20129465
20129465
20129465
20129465
20129465
20129465
20129465
20129465
20129465
20129465
20129465
20129465
20129465
20129465
20129465
20129465
20129465
20129465
20129465
20129465
20129465
20129465
20129465
20129465
20129465
20129465
20129465
20129465
20129465
20129465
20129465
20129465
20129465
20129465
20129465
20129465
20129465
20129465
20129465
20129465
20129465
20129465
20129465
20129465
20129465
20129465
20129465
20129465
20129465
20129465
20129465
20129465
20129465
20129465
20129465
20129465
20129465
20129465
20129465
20129465
20129465
20129465
20129465
20129465
20129465
20129465
20129465
20129465
20129465
20129465
20129465
20129465
20129465
20129465
20129465
20129465
20129465
20129465
20129465
20129465
20129465
20129465
20129465
20129465
20129465
20747250
20798550
20841300
20841300
20841300
21225600
21225600
21225600
21225600
21280500
21280500
21340350
21340350
21476850
21476850
21476850
21481125
21481125
21481125
21481125
21481125
21481125
21481125
21481125
21481125
21481125
21481125
21962250
22017825
22017825
22197375
22288875
22566750
22647975
22647975
22647975
22647975
22647975
22647975
22647975
22647975
22647975
22647975
22647975
22647975
22647975
22647975
22647975
22647975
22647975
23075425
23118175
23118175
23118175
23118175
23118175
23214650
23214650
23214650
23214650
23214650
23214650
23214650
23214650
23408300
23429675
23429675
23429675
23429675
23429675
23429675
23429675
23429675
23429675
23429675
23429675
23429675
23429675
23429675
23429675
23429675
23429675
23429675
23429675
23429675
23429675
23429675
23429675
23429675
23429675
23429675
23429675
23429675
23429675
23429675
23429675
23429675
23429675
23429675
23429675
23429675
23429675
23429675
23429675
23429675
23429675
23429675
23429675
23429675
23429675
23429675
23429675
23429675
23429675
23429675
23429675
23429675
23429675
23429675
23429675
23429675
23429675
23429675
23429675
23429675
23429675
23429675
23429675
23429675
23429675
23429675
23429675
23429675
23429675
23429675
23429675
23429675
23429675
23429675
23429675
23429675
23429675
23429675
23429675
23429675
23429675
23429675
23429675
23429675
23429675
23429675
23429675
23429675
23429675
23429675
23429675
23429675
23429675
23429675
23429675
23429675
23429675
23429675
23429675
23429675
23429675
23429675
23429675
23429675
23429675
23429675
23429675
23429675
23429675
23429675
23429675
23429675
23429675
23429675
23429675
23429675
23429675
23429675
23429675
23429675
23429675
23429675
23429675
23429675
23429675
23429675
23429675
23429675
23429675
23429675
23463350
24323450
24323450
24323450
24323450
24323450
24323450
24323450
24323450
24323450
24323450
24323450
24323450
24323450
24323450
24323450
24323450
24323450
24323450
24323450
24323450
24323450
24323450
24323450
24323450
24323450
24323450
24323450
24323450
24323450
24323450
24323450
24323450
24323450
24323450
24323450
24323450
24323450
24323450
24323450
24323450
24323450
24323450
24323450
24323450
24323450
24323450
24323450
24341050
24341050
24341050
24341050
24341050
24341050
24341050
24341050
24341050
24341050
24341050
24479975
24479975
24479975
24479975
24479975
24593100
24721200
24721200
24721200
24785325
24785325
24785325
24785325
24785325
24785325
24785325
24785325
24785325
24785325
24785325
24785325
24785325
24785325
24785325
24785325
24785325
24785325
24785325
24785325
24785325
24785325
24785325
24785325
24785325
24785325
24785325
24785325
24785325
24785325
24785325
24785325
24785325
24785325
24785325
24785325
24785325
24785325
24835575
25164975
25164975
25280400
25280400
25280400
25280400
25280400
25280400
25280400
25280400
25280400
25280400
25280400
25280400
25280400
25280400
25280400
25280400
25280400
25280400
25280400
25280400
25280400
25280400
25280400
25280400
25280400
25280400
25280400
25280400
25280400
25280400
25280400
25280400
25280400
25280400
25280400
25280400
25280400
25280400
25280400
25280400
25280400
25280400
25280400
25280400
25280400
25280400
25280400
25280400
25280400
25280400
25280400
25280400
25280400
25280400
25280400
25280400
25280400
25280400
25280400
25280400
25280400
25280400
25280400
25280400
25280400
25280400
25280400
25280400
25280400
25280400
25280400
25280400
25280400
25280400
25280400
25280400
25280400
25280400
25280400
25280400
25280400
25280400
25280400
25280400
25280400
25280400
25280400
25280400
25280400
25280400
25280400
25280400
25280400
25280400
25280400
25280400
25280400
25280400
25280400
25280400
25280400
25280400
25280400
25280400
25280400
25280400
25280400
25280400
25280400
25280400
25280400
25280400
25280400
25280400
25280400
25280400
25280400
25280400
25280400
25280400
25280400
25280400
25280400
25280400
25280400
25280400
25280400
25280400
25280400
25280400
25280400
25280400
25280400
25280400
25280400
25280400
25280400
25280400
25280400
25280400
25280400
25280400
25280400
25280400
25280400
25280400
25280400
25280400
25280400
25280400
25280400
25280400
25280400
25280400
25280400
25280400
25280400
25280400
25280400
25280400
25280400
25280400
25280400
25280400
25280400
25280400
25280400
25280400
25280400
25280400
25280400
25280400
25280400
25280400
25280400
25280400
25280400
25280400
25280400
25280400
25280400
25280400
25280400
25280400
25280400
25280400
25280400
25280400
25280400
25280400
25280400
25280400
25280400
25280400
25280400
25280400
25280400
25280400
25280400
25280400
25280400
25280400
25280400
25280400
25280400
25280400
25280400
25280400
25280400
25280400
25280400
25280400
25280400
25280400
25280400
25280400
25280400
25280400
25280400
25280400
25280400
25280400
25280400
25280400
25280400
25280400
25280400
25280400
25280400
25280400
25280400
25280400
25280400
25280400
25280400
25280400
25280400
25280400
25280400
25280400
25280400
25280400
25280400
25280400
25280400
25280400
25280400
25280400
25280400
25280400
25280400
25280400
25280400
25280400
25280400
25280400
25280400
25280400
25280400
25280400
25280400
25280400
25280400
25280400
25280400
25280400
25280400
25280400
25280400
25280400
25280400
25280400
25280400
25280400
25280400
25280400
25280400
25280400
25280400
25280400
25280400
25280400
25280400
25280400
25280400
25280400
25280400
25280400
25280400
25280400
25280400
25280400
25280400
25280400
25280400
25280400
25280400
25280400
25280400
25280400
25280400
25280400
25280400
25280400
25280400
25280400
25280400
25280400
25280400
25280400
25280400
25280400
25280400
25280400
25280400
25280400
25280400
25280400
25280400
25280400
25280400
25280400
25280400
25280400
25280400
25280400
25280400
25280400
25280400
25280400
25280400
25280400
25280400
25280400
25280400
25280400
25280400
25280400
25280400
25280400
25280400
25280400
25280400
25280400
25280400
25280400
25280400
25280400
25280400
25280400
25280400
25280400
25280400
25280400
25280400
25280400
25280400
25280400
25280400
25280400
25280400
25280400
25280400
25280400
25280400
25280400
25280400
25280400
25280400
25280400
25280400
25280400
25280400
25280400
25280400
25280400
25280400
25280400
25280400
25280400
25280400
25280400
25280400
25280400
25280400
25280400
25280400
25280400
25280400
25280400
25280400
25280400
25280400
25280400
25280400
25280400
25280400
25280400
25280400
25280400
25280400
25280400
25280400
25280400
25280400
25280400
25280400
25280400
25280400
25280400
25280400
25280400
25280400
25280400
25280400
25280400
25280400
25280400
25280400
25280400
25280400
25280400
25390025
25710650
26186450
26186450
26186450
26186450
26186450
26186450
26186450
26186450
26186450
26186450
26186450
26186450
26186450
26186450
26186450
26186450
26186450
26186450
26186450
26186450
26186450
26186450
26186450
26186450
26186450
26186450
26186450
26186450
26186450
26186450
26186450
26186450
26186450
26186450
26186450
26186450
26186450
26186450
26186450
26186450
26186450
26186450
26186450
26186450
26186450
26186450
26186450
26186450
26186450
26186450
26186450
26186450
26186450
26265525
26265525
26265525
26265525
26265525
26265525
26265525
26265525
26265525
26265525
26265525
26265525
26265525
26265525
26265525
26265525
26265525
26265525
26265525
26265525
26265525
26265525
26265525
26265525
26265525
26265525
26265525
26265525
26265525
26265525
26265525
26265525
26265525
26265525
26265525
26265525
26265525
26265525
26265525
26265525
26265525
26265525
26265525
26265525
26265525
26265525
26265525
26265525
26265525
26265525
26265525
26265525
26265525
26265525
26265525
26265525
26265525
26265525
26265525
26265525
26265525
26265525
26265525
26265525
26265525
26265525
26545925
26545925
26545925
26545925
26657075
26657075
26711975
26711975
26711975
26711975
26711975
27737025
27737025
27737025
27737025
27737025
27756525
27756525
27756525
27756525
27756525
27756525
27756525
27756525
27756525
27756525
27756525
27756525
27756525
27756525
27756525
27756525
27756525
27756525
27756525
27756525
27756525
27756525
27756525
27756525
27756525
27756525
27756525
27756525
27756525
27756525
27756525
27756525
27756525
27756525
27756525
27756525
27756525
27756525
27756525
27756525
27756525
27756525
27756525
27756525
27756525
27756525
27756525
27756525
27756525
27756525
27756525
27756525
27756525
27756525
27756525
27756525
27756525
27756525
27756525
27756525
27756525
27756525
27756525
27756525
27756525
27756525
27756525
27756525
27756525
27756525
27756525
27756525
27756525
27756525
27756525
27756525
27756525
27756525
27756525
27756525
27756525
27756525
27756525
27756525
27756525
27756525
27756525
27756525
27756525
27756525
27756525
27756525
27756525
27756525
27756525
27756525
27756525
27756525
27756525
27756525
27756525
27756525
27756525
27756525
27756525
27756525
27756525
27756525
27756525
27756525
27756525
27756525
27756525
27756525
27756525
27756525
27756525
27756525
27756525
27756525
27756525
27756525
27756525
27756525
27756525
27756525
27756525
27756525
27756525
27756525
27756525
27756525
27756525
28151500
28151500
28151500
28151500
28151500
28151500
28151500
28151500
28151500
28151500
28151500
28151500
28499200
28718800
28718800
28828600
28828600
28901800
28901800
28901800
28901800
28901800
28901800
28901800
28901800
28901800
28956700
28956700
29249500
29249500
29249500
29249500
29249500
30127900
30127900
30127900
30127900
30127900
30127900
30127900
30127900
30127900
30127900
30127900
30127900
30127900
30127900
30127900
30127900
30127900
30127900
30127900
30127900
30127900
30127900
30127900
30127900
30127900
30127900
30127900
30127900
30127900
30127900
30127900
30127900
30127900
30127900
30127900
30127900
30127900
30127900
30127900
30475600
30805000
31097800
31097800
31097800
31097800
31097800
31097800
31097800
31097800
31097800
31097800
31097800
31097800
31097800
31097800
31097800
31097800
31097800
31097800
31097800
31097800
31097800
31097800
31097800
31097800
31097800
31097800
31097800
31097800
31097800
31097800
31097800
31097800
31097800
31097800
31097800
31097800
31097800
31097800
31097800
31097800
31097800
31097800
31097800
31097800
31097800
31097800
31097800
31097800
31097800
31097800
31097800
