17182905
17182905
17204280
17204280
17204280
17204280
17204280
17204280
17209270
17209270
17209270
17209270
17209270
17226785
17235335
17235335
17235335
17235335
17235335
17235335
17235335
17339235
17416185
17599185
17599185
17599185
17599185
17599185
17599185
17599185
17599185
17599185
17599185
17599185
17599185
17599185
17599185
17599185
17599185
17599185
17599185
17599185
17599185
17599185
17599185
17599185
17599185
17599185
17599185
17599185
17599185
17599185
17599185
17599185
17627555
17627555
17627555
17627555
17891090
17921015
17921015
18174540
18174540
18209940
18209940
18227040
18227040
18231315
18231315
18231315
18231315
18244140
18244140
18244140
18244140
18244140
18244140
18244140
18244140
18244140
18244140
18244140
18244140
18244140
18244140
18244140
18244140
18244140
18244140
18491270
18491270
18491270
18568220
18589595
18589595
18589595
18589595
18665565
18665565
18665565
18665565
18665565
18782290
18803665
18812215
18812215
18812215
18812215
18812215
18812215
18812215
18812215
18812215
18812215
18812215
18889320
18889320
19228345
19228345
19228345
19558820
19796720
19796720
19925070
19925070
19925070
20538595
20542870
20579470
20707570
20707570
21243620
21243620
21243620
21243620
21243620
21243620
21243620
21396570
21507720
21507720
21507720
21818820
21818820
21912040
21912040
22040140
22040140
22040140
22040140
22040140
22040140
22040140
22040140
22040140
22040140
22040140
22040140
22040140
22040140
22040140
22040140
22040140
22040140
22040140
22040140
22040140
22040140
22040140
22040140
22040140
22040140
22040140
22040140
22040140
22040140
22040140
22040140
22040140
22040140
22040140
22040140
22040140
22040140
22040140
22040140
22040140
22040140
22040140
22040140
22040140
22040140
22114510
22114510
22114510
22127335
22143295
22253095
22253095
22253095
22253095
22253095
22253095
22253095
22253095
22253095
22253095
22253095
22253095
22253095
22253095
22253095
22253095
22253095
22253095
22253095
22253095
22253095
22253095
22253095
22253095
22253095
22253095
22253095
22253095
22253095
22253095
22253095
22253095
22253095
22253095
22253095
22253095
22253095
22253095
22253095
22253095
22253095
22253095
22253095
22253095
22253095
22253095
22253095
22253095
22253095
22253095
22253095
22253095
22253095
22253095
22253095
22253095
22253095
22253095
22253095
22253095
22253095
22253095
22253095
22253095
22253095
22253095
22253095
22253095
22253095
22253095
22253095
22253095
22253095
22253095
22253095
22253095
22253095
22253095
22253095
22253095
22253095
22253095
22253095
22253095
22253095
22253095
22253095
22253095
22253095
22253095
22253095
22253095
22253095
22253095
22253095
22253095
22253095
22253095
22253095
22253095
22253095
22253095
22253095
22253095
22253095
22253095
22253095
22253095
22253095
22253095
22253095
22253095
22253095
22253095
22253095
22253095
22253095
22253095
22253095
22253095
22253095
22253095
22253095
22253095
22253095
22253095
22253095
22253095
22253095
22253095
22253095
22253095
22253095
22253095
22253095
22253095
22253095
22253095
22253095
22253095
22253095
22253095
22253095
22253095
22253095
22253095
22253095
22253095
22253095
22253095
22253095
22253095
22253095
22253095
22253095
22253095
22253095
22253095
22253095
22253095
22253095
22253095
22253095
22253095
22253095
22253095
22253095
22253095
22253095
22253095
22253095
22253095
22253095
22253095
22253095
22253095
22253095
22253095
22253095
22253095
22253095
22253095
22253095
22253095
22253095
22253095
22253095
22253095
22253095
22253095
22253095
22253095
22253095
22253095
22253095
22486220
22486220
22707540
22707540
22707540
22780740
22780740
22780740
22914565
22914565
22914565
22914565
23246255
23246255
23301155
23305430
23305430
23305430
23305430
23342030
23342030
23342030
23342030
23342030
23342030
23342030
23342030
23342030
23342030
23342030
23342030
23342030
23342030
23342030
23342030
23342030
23342030
23342030
23342030
23342030
23342030
23342030
23471050
23580850
23580850
23580850
23580850
23708950
23755975
23999650
23999650
23999650
24063500
24063500
24063500
24063500
24063500
24063500
24063500
24063500
24063500
24365925
24365925
24365925
24365925
24365925
24365925
24365925
24365925
24365925
24365925
24365925
24365925
24798150
24798150
24798150
24798150
24798150
24798150
24798150
24798150
24798150
24798150
24798150
24798150
24798150
24798150
24798150
24798150
24798150
24798150
24798150
24798150
24798150
24798150
24798150
24798150
24798150
24798150
24798150
24798150
24798150
24798150
24798150
24798150
24798150
24798150
24798150
24798150
24798150
24798150
24798150
24798150
24798150
24798150
24798150
24798150
24798150
24798150
24798150
24798150
24798150
24798150
24798150
24798150
24798150
24798150
24798150
24798150
24798150
24798150
24798150
24798150
24798150
24798150
24798150
24798150
24798150
24798150
24798150
24798150
24798150
24798150
24798150
24798150
24798150
24798150
24798150
24798150
24798150
24798150
24798150
24798150
24798150
24798150
24798150
24798150
24798150
24798150
24798150
24798150
24798150
24798150
24798150
24798150
24798150
24798150
24798150
24798150
24798150
24798150
24798150
24798150
24798150
24798150
24798150
24798150
24798150
24798150
24798150
24798150
24798150
24798150
24798150
24798150
24798150
24798150
24798150
24798150
24798150
24798150
24798150
24798150
24798150
24798150
24798150
24975150
25158150
25158150
25158150
25158150
25158150
25158150
25158150
25158150
25158150
25158150
25158150
25158150
25158150
25158150
25158150
25158150
25158150
25158150
25158150
25158150
25158150
25158150
25158150
25158150
25158150
25158150
25158150
25158150
25158150
25158150
25158150
25158150
25158150
25158150
25158150
25158150
25158150
25158150
25158150
25158150
25158150
25158150
25158150
25158150
25158150
25158150
25158150
25158150
25158150
25158150
25158150
25158150
25158150
25158150
25158150
25158150
25158150
25158150
25158150
25158150
25158150
25158150
25158150
25158150
25158150
25158150
25158150
25158150
25158150
25158150
25288125
25288125
25288125
25288125
25288125
25288125
25288125
25288125
25288125
25288125
25288125
25288125
25288125
25288125
25288125
25288125
25288125
25288125
25288125
25324075
25324075
25663100
25663100
25663100
25663100
25663100
25663100
25663100
25663100
25663100
25663100
25663100
25663100
25663100
25663100
25663100
25663100
25663100
25663100
25663100
25663100
25663100
25663100
25663100
25663100
25663100
25663100
25663100
25663100
25663100
25663100
25663100
25663100
25663100
25663100
25663100
25663100
25663100
25663100
25663100
25663100
25663100
25663100
25663100
25663100
25663100
25663100
25663100
25663100
25663100
25663100
25663100
26316950
26316950
26316950
26316950
26316950
26316950
26316950
26316950
26316950
26316950
26316950
26316950
26316950
26316950
26316950
26316950
26316950
26316950
26316950
26316950
26316950
26316950
26316950
26316950
26316950
26316950
26316950
26316950
26316950
26316950
26316950
26316950
26316950
26316950
26316950
26316950
26316950
26316950
26316950
26316950
26316950
26316950
26549775
26769375
26769375
26769375
26906150
26906150
26924450
26924450
26924450
27198950
27253850
27345350
27345350
27345350
27345350
27345350
27345350
27345350
27345350
27345350
27345350
27345350
27345350
27345350
27345350
27345350
27345350
27345350
27345350
27345350
27345350
27345350
27345350
27345350
27345350
27345350
27345350
27345350
27345350
27345350
27345350
27345350
27345350
27345350
27345350
27345350
27345350
27345350
27345350
27345350
27345350
27345350
27345350
27345350
27345350
27345350
27345350
27345350
27345350
27345350
27345350
27345350
27345350
27345350
27345350
27345350
27345350
27345350
27345350
27345350
27345350
27345350
27345350
27345350
27345350
27345350
27345350
27345350
27345350
27345350
27345350
27345350
27345350
27345350
27345350
27345350
27345350
27345350
27345350
27345350
27345350
27345350
27345350
27345350
27345350
27345350
27345350
27345350
27345350
27345350
27345350
27345350
27345350
27345350
27345350
27345350
27345350
27345350
27345350
27345350
27345350
27345350
27345350
27345350
27345350
27345350
27345350
27345350
27345350
27345350
27345350
27345350
27345350
27345350
27345350
27345350
27345350
27345350
27345350
27345350
27345350
27345350
27345350
27345350
27345350
27345350
27345350
27345350
27345350
27345350
27345350
27345350
27345350
27345350
27345350
27345350
27345350
27345350
27345350
27345350
27345350
27345350
27345350
27345350
27345350
27345350
27345350
27345350
27345350
27345350
27345350
27345350
27345350
27345350
27345350
27345350
27345350
27345350
27345350
27345350
27345350
27345350
27345350
27345350
27345350
27345350
27345350
27345350
27345350
27345350
27345350
27345350
27345350
27345350
27345350
27345350
27345350
27345350
27345350
27345350
27345350
27345350
27345350
27346300
27346300
27346300
27346300
27456100
27474400
27657400
27657400
27657400
27657400
27657400
27657400
27657400
27657400
27822100
27822100
27822100
27822100
27822100
27822100
27931900
27931900
27931900
27931900
27968500
27968500
27968500
27968500
27968500
27968500
27968500
27968500
27968500
27968500
27968500
27968500
27968500
27968500
27968500
27968500
27968500
27968500
27968500
27968500
27968500
27968500
27968500
27968500
27968500
27968500
27968500
27968500
27968500
27968500
27968500
27968500
27968500
27968500
27968500
27968500
27968500
27968500
27968500
27968500
27968500
27968500
27968500
27968500
27968500
27968500
27968500
27968500
27968500
27968500
27968500
27968500
27968500
27968500
27968500
27968500
27968500
27968500
27968500
27968500
27968500
27968500
27968500
27968500
27968500
27968500
27968500
27968500
27968500
27968500
27968500
27968500
27968500
27968500
27968500
27968500
27968500
27968500
27968500
27968500
27968500
27968500
27968500
27968500
27968500
27968500
27968500
27968500
27968500
27968500
27968500
27968500
27968500
27968500
27968500
27968500
27968500
27968500
27968500
27968500
27968500
27968500
27968500
27968500
27968500
27968500
27968500
27968500
27968500
27968500
27968500
27968500
27968500
27968500
27968500
27968500
27968500
27968500
27968500
27968500
27968500
27968500
27968500
27968500
27968500
27968500
27968500
27968500
27968500
27968500
27968500
27968500
27968500
27968500
27968500
27968500
27968500
27968500
27968500
27968500
27968500
27968500
27968500
27968500
27968500
27968500
27968500
27968500
27968500
27968500
27968500
27968500
27968500
27968500
27968500
27968500
27968500
27968500
27968500
27968500
27968500
27968500
27968500
27968500
27968500
27968500
27968500
27968500
27968500
27968500
27968500
27968500
27968500
27968500
27968500
27968500
27968500
27968500
27968500
27968500
27968500
27968500
27968500
27968500
27968500
27968500
27968500
27968500
27968500
27968500
27968500
27968500
27968500
27968500
27968500
27968500
27968500
27968500
27968500
27968500
27968500
27968500
27968500
27968500
27968500
27968500
27968500
27968500
27968500
27968500
27968500
27968500
27968500
27968500
27968500
27968500
27968500
27968500
27968500
27968500
27968500
27968500
27968500
27986800
27986800
27986800
27986800
27986800
27986800
27986800
27986800
27986800
27986800
27986800
27986800
27986800
27986800
27986800
27986800
27986800
27986800
27986800
27986800
27986800
27986800
27986800
27986800
27986800
27986800
27986800
27986800
27986800
27986800
27986800
27986800
27986800
27986800
27986800
27986800
27986800
27986800
27986800
27986800
27986800
27986800
27986800
27986800
27986800
27986800
27986800
27986800
27986800
27986800
27986800
27986800
27986800
27986800
27986800
27986800
27986800
27986800
27986800
27986800
27986800
27986800
27986800
27986800
27986800
27986800
27986800
27986800
27986800
27986800
27986800
27986800
27986800
27986800
27986800
27986800
27986800
27986800
27986800
27986800
27986800
27986800
27986800
27986800
27986800
27986800
27986800
27986800
27986800
27986800
27986800
27986800
27986800
27986800
27986800
27986800
27986800
27986800
27986800
27986800
27986800
27986800
27986800
27986800
27986800
27986800
27986800
27986800
27986800
27986800
27986800
27986800
27986800
27986800
27986800
27986800
27986800
27986800
27986800
27986800
27986800
27986800
27986800
27986800
27986800
27986800
27986800
27986800
27986800
27986800
27986800
27986800
27986800
27986800
27986800
27986800
27986800
27986800
27986800
27986800
27986800
27986800
27986800
27986800
27986800
27986800
27986800
27986800
27986800
27986800
27986800
27986800
27986800
27986800
27986800
27986800
27986800
27986800
27986800
27986800
27986800
27986800
27986800
27986800
27986800
27986800
27986800
27986800
27986800
27986800
27986800
27986800
27986800
27986800
27986800
27986800
27986800
27986800
27986800
27986800
27986800
27986800
27986800
27986800
27986800
27986800
27986800
27986800
27986800
27986800
27986800
27986800
27986800
27986800
27986800
27986800
27986800
27986800
27986800
27986800
27986800
27986800
27986800
27986800
27986800
27986800
27986800
27986800
27986800
27986800
27986800
27986800
27986800
27986800
27986800
27986800
27986800
27986800
27986800
27986800
27986800
27986800
27986800
27986800
27986800
27986800
27986800
27986800
27986800
27986800
27986800
27986800
27986800
27986800
27986800
27986800
27986800
27986800
27986800
27986800
27986800
27986800
27986800
27986800
27986800
27986800
27986800
27986800
27986800
27986800
27986800
27986800
27986800
27986800
27986800
27986800
27986800
27986800
27986800
27986800
27986800
27986800
27986800
27986800
27986800
27986800
27986800
27986800
27986800
27986800
27986800
27986800
27986800
27986800
27986800
27986800
27986800
27986800
27986800
27986800
27986800
27986800
27986800
27986800
27986800
27986800
27986800
27986800
27986800
27986800
27986800
27986800
27986800
27986800
27986800
27986800
27986800
27986800
27986800
27986800
27986800
27986800
27986800
27986800
27986800
27986800
27986800
27986800
27986800
27986800
27986800
27986800
27986800
27986800
27986800
27986800
27986800
27986800
27986800
27986800
27986800
27986800
27986800
27986800
27986800
27986800
27986800
27986800
27986800
27986800
27986800
27986800
27986800
27986800
27986800
27986800
27986800
27986800
27986800
27986800
27986800
27986800
27986800
27986800
27986800
27986800
27986800
27986800
27986800
27986800
27986800
27986800
27986800
27986800
27986800
27986800
27986800
27986800
27986800
27986800
27986800
27986800
27986800
27986800
27986800
27986800
27986800
27986800
27986800
27986800
27986800
27986800
27986800
27986800
27986800
27986800
27986800
27986800
27986800
27986800
27986800
27986800
27986800
27986800
27986800
27986800
27986800
27986800
27986800
27986800
27986800
27986800
27986800
27986800
27986800
27986800
27986800
27986800
27986800
27986800
27986800
27986800
27986800
27986800
27986800
27986800
27986800
27986800
27986800
27986800
27986800
27986800
27986800
27986800
27986800
27986800
27986800
27986800
27986800
27986800
27986800
27986800
27986800
27986800
27986800
27986800
27986800
27986800
27986800
27986800
27986800
27986800
27986800
27986800
27986800
27986800
27986800
27986800
27986800
27986800
27986800
27986800
27986800
27986800
27986800
27986800
27986800
27986800
27986800
27986800
27986800
27986800
27986800
27986800
27986800
27986800
27986800
27986800
27986800
27986800
27986800
27986800
27986800
27986800
27986800
27986800
27986800
27986800
27986800
27986800
27986800
27986800
27986800
27986800
27986800
27986800
27986800
27986800
27986800
27986800
27986800
27986800
27986800
27986800
27986800
27986800
27986800
27986800
27986800
27986800
27986800
27986800
27986800
27986800
27986800
27986800
27986800
27986800
27986800
27986800
27986800
27986800
27986800
27986800
27986800
27986800
27986800
27986800
27986800
27986800
27986800
27986800
27986800
27986800
27986800
27986800
27986800
27986800
27986800
27986800
27986800
27986800
27986800
27986800
27986800
27986800
27986800
27986800
27986800
27986800
27986800
27986800
27986800
27986800
27986800
27986800
27986800
27986800
27986800
27986800
27986800
27986800
27986800
27986800
27986800
27986800
27986800
27986800
27986800
27986800
27986800
27986800
27986800
27986800
27986800
27986800
27986800
27986800
27986800
27986800
27986800
27986800
27986800
27986800
27986800
27986800
27986800
27986800
27986800
27986800
27986800
27986800
27986800
27986800
27986800
27986800
27986800
27986800
27986800
27986800
27986800
27986800
27986800
27986800
27986800
27986800
27986800
27986800
27986800
27986800
27986800
27986800
27986800
27986800
27986800
27986800
27986800
27986800
27986800
27986800
27986800
27986800
27986800
27986800
27986800
27986800
27986800
27986800
27986800
27986800
27986800
27986800
27986800
27986800
27986800
27986800
27986800
27986800
27986800
27986800
27986800
27986800
27986800
27986800
27986800
27986800
27986800
27986800
27986800
27986800
27986800
27986800
27986800
27986800
27986800
27986800
27986800
27986800
27986800
27986800
27986800
27986800
27986800
27986800
27986800
27986800
27986800
27986800
27986800
27986800
27986800
27986800
27986800
27986800
27986800
27986800
27986800
27986800
27986800
27986800
27986800
27986800
27986800
27986800
27986800
27986800
27986800
27986800
27986800
27986800
27986800
27986800
27986800
27986800
27986800
