18636075
18636075
18636075
18636075
18636075
18636075
18636075
18636075
18636075
18636075
18636075
18636075
18636075
18636075
18636075
18636075
18636075
18636075
18636075
18636075
18636075
18636075
18636075
18636075
18636075
18636075
18636075
18749695
18749695
19329920
19530845
19530845
19539395
19539395
19603520
19603520
19603520
19603520
19699850
19699850
19699850
19699850
19699850
19699850
19699850
19699850
19699850
19699850
19699850
19699850
19699850
19699850
19699850
19699850
19699850
19699850
19699850
19699850
19699850
19699850
19699850
19699850
19699850
19699850
19699850
19699850
19699850
19699850
19699850
19699850
19699850
19699850
19699850
19699850
19699850
19699850
19699850
19699850
19699850
19699850
19699850
19699850
19699850
19699850
19699850
19699850
19699850
19699850
19699850
19699850
19699850
19699850
19699850
19699850
19699850
19699850
19699850
19699850
19699850
19699850
19699850
19699850
19699850
19699850
19699850
19699850
19699850
19699850
19699850
19699850
19699850
19699850
19699850
19699850
19699850
19699850
19699850
19699850
19699850
19699850
19699850
19699850
19699850
19699850
19699850
19699850
19699850
19699850
19699850
19699850
19699850
19699850
19699850
19699850
19699850
19699850
19699850
19699850
19699850
19699850
19699850
19699850
19699850
19801115
19801115
19801115
20030415
20030415
20030415
20170630
20401480
20401480
20401480
20401480
20405755
20405755
20405755
20405755
20405755
20628575
20644535
20644535
20644535
21004935
21043410
21043410
21370810
21370810
21370810
21592130
21720230
21720230
21720230
21720230
21720230
21720230
21720230
21720230
21720230
21720230
21720230
21720230
21720230
21720230
21800710
21800710
22296530
22296530
22405835
22405835
22405835
22405835
22405835
22405835
22405835
22426865
22426865
22426865
22426865
22426865
22426865
22431090
22431090
22431090
22431090
22431090
22431090
22431090
22431090
22431090
22431090
22431090
22431090
22431090
22431090
22431090
22431090
22431090
22431090
22431090
22431090
22431090
22762960
22762960
22762960
22762960
23329860
23329860
23329860
23329860
23329860
23329860
23329860
23329860
23329860
23329860
23329860
23329860
23329860
23512950
23842350
23842350
23842350
23842350
23842350
23842350
23842350
23842350
23842350
23842350
23842350
23842350
23842350
23842350
23842350
23842350
23842350
23842350
23842350
23842350
23842350
23842350
23842350
23842350
23842350
23842350
23860785
23865060
23869335
23869335
23869335
23869335
23869335
23869335
23869335
23869335
23869335
23869335
23955880
23955880
23955880
24629655
24629655
24629655
24850975
24850975
24850975
25271875
25327735
25344835
25344835
25344835
25344835
25344835
25344835
26411585
27033785
27076535
27076535
27076535
27076535
27143585
27143585
27261290
27261290
27261290
27421015
27421015
27732115
27732115
27732115
27842820
27858780
27858780
27858780
27858780
27858780
27858780
27858780
27858780
27858780
27858780
27858780
27858780
27858780
27858780
27858780
27858780
27858780
27858780
27858780
27858780
27858780
27858780
27858780
27858780
27858780
27858780
27858780
27858780
27858780
27858780
27858780
27858780
27858780
27858780
27858780
27858780
27858780
27858780
27858780
27858780
27858780
27858780
27858780
27858780
27858780
27858780
27858780
27858780
27858780
27858780
27858780
27858780
27858780
27858780
27858780
27858780
27858780
27858780
27858780
27858780
27858780
27858780
27858780
27858780
27858780
27858780
27858780
27858780
27858780
27858780
27858780
27858780
27858780
27858780
27858780
27858780
27858780
27858780
27858780
27858780
27858780
27858780
27858780
27858780
27858780
27858780
27858780
27858780
27858780
27858780
27858780
27858780
27858780
27858780
27858780
27858780
27858780
27858780
27858780
27858780
27858780
27858780
27858780
27858780
27858780
27858780
27858780
27858780
27858780
27858780
27858780
27858780
27858780
27858780
27858780
27858780
27858780
27858780
27858780
27858780
27858780
27858780
27858780
27858780
27858780
27858780
27858780
27858780
27858780
27858780
27858780
27858780
27858780
27858780
27858780
27858780
27858780
27858780
27858780
27858780
27858780
27858780
27858780
27858780
27858780
27858780
27858780
27858780
27858780
27858780
27858780
27858780
27858780
27858780
27858780
27858780
27858780
27858780
27858780
27858780
27858780
27858780
27858780
27858780
27858780
27858780
27858780
27858780
27858780
27858780
27858780
27858780
27858780
27858780
27858780
27858780
27858780
27858780
27858780
27858780
27858780
27858780
27858780
27858780
27858780
27858780
27858780
27858780
27858780
27858780
27858780
27858780
27858780
27858780
27858780
27858780
27858780
27858780
27858780
27858780
27858780
27858780
27858780
27858780
27858780
27858780
27858780
27858780
27858780
27858780
27858780
27858780
27858780
27858780
27858780
27858780
27858780
27858780
27858780
27858780
27858780
27858780
27858780
27858780
27858780
27858780
27858780
27858780
27858780
27858780
27858780
27858780
27858780
27858780
27858780
27858780
27858780
27858780
27858780
27858780
27858780
27858780
27858780
27858780
27858780
27858780
27858780
27858780
27858780
27858780
27858780
27858780
27858780
27858780
27858780
27858780
27858780
27858780
27858780
27858780
27858780
27858780
27858780
27858780
27858780
27858780
27858780
27858780
27858780
27858780
27858780
27858780
27858780
27858780
27858780
27858780
27858780
27858780
27858780
27858780
27858780
27858780
27858780
27858780
27858780
27858780
27858780
27858780
27858780
27858780
27858780
27858780
27858780
27858780
27858780
27858780
27858780
27858780
27858780
27858780
27858780
27858780
27858780
27858780
27858780
27858780
27858780
27858780
27858780
27858780
27858780
27858780
27858780
27858780
27858780
27858780
27858780
27858780
27858780
27858780
27858780
27858780
27858780
27858780
27858780
27858780
27858780
27858780
27858780
27858780
27858780
27858780
27858780
27858780
27858780
27858780
27858780
27858780
27858780
27858780
27858780
27858780
27858780
27858780
27858780
27858780
27858780
27858780
27858780
27858780
27858780
27858780
27858780
27858780
27858780
27858780
27858780
27858780
27858780
27858780
27858780
27858780
27858780
27858780
27858780
27858780
27858780
27858780
27858780
27858780
27858780
27858780
27858780
27858780
27858780
27858780
27858780
27858780
27858780
27858780
27858780
27858780
27858780
27858780
27858780
27858780
27858780
27858780
27858780
27858780
27858780
27858780
27858780
27858780
27858780
27858780
27858780
27858780
27858780
27858780
27858780
27858780
27858780
27858780
27858780
27858780
27858780
27858780
27858780
27858780
27858780
27858780
27858780
27858780
27858780
27858780
27858780
27858780
27858780
27858780
27858780
27858780
27858780
27858780
27858780
27858780
27858780
27858780
27858780
27858780
27858780
27858780
27858780
27858780
27858780
27858780
27858780
27858780
27858780
27858780
27858780
27858780
27858780
27858780
27858780
27858780
27858780
27858780
27858780
27858780
27858780
27858780
27858780
27858780
27858780
27858780
27858780
27858780
27858780
27858780
27858780
27858780
27858780
27858780
27858780
27858780
27858780
27858780
27858780
27858780
27858780
27858780
27858780
27858780
27858780
27858780
27858780
27858780
27858780
27858780
27858780
27858780
27858780
27858780
27858780
27858780
27858780
27858780
27858780
27858780
27858780
27858780
27858780
27858780
27858780
27858780
27858780
27858780
27858780
27858780
27858780
27858780
27858780
27858780
27858780
27858780
27858780
27858780
27858780
27858780
27858780
27858780
27858780
27858780
27858780
27858780
27858780
27858780
27858780
27858780
27858780
27858780
27858780
27858780
27858780
27858780
27858780
27858780
27858780
27858780
27858780
27858780
27858780
27858780
27858780
27858780
27858780
27858780
27858780
27858780
27858780
27858780
27858780
27858780
27858780
27858780
27858780
27858780
27858780
27858780
27858780
27858780
27858780
27858780
27858780
27858780
27858780
27858780
27858780
27858780
27858780
27858780
27858780
27858780
27858780
27858780
27858780
27858780
27858780
27858780
27858780
27858780
27858780
27858780
27858780
27858780
27858780
27858780
27858780
27858780
27858780
27858780
27858780
27858780
27858780
27858780
27858780
27858780
27858780
27858780
27858780
27858780
27858780
27858780
27858780
27858780
27858780
27858780
27858780
27858780
27858780
27858780
27858780
27858780
27858780
27858780
27858780
27858780
27858780
27858780
27858780
27858780
27858780
27858780
27858780
27858780
27858780
27858780
27858780
27858780
27858780
27858780
27858780
27858780
27858780
27858780
27858780
27858780
27858780
27858780
27858780
27858780
27858780
27858780
27858780
27858780
27858780
27858780
27858780
27858780
27858780
27858780
27858780
27858780
27858780
27858780
27858780
27858780
27858780
27858780
27858780
27858780
27858780
27858780
27858780
27858780
27858780
27858780
27858780
27858780
27858780
27858780
27858780
27858780
27858780
27858780
27858780
27858780
27858780
27858780
27858780
27858780
27858780
27858780
27858780
27858780
27858780
27858780
27858780
27858780
27858780
27858780
27858780
27858780
27858780
27858780
27858780
27858780
27858780
27858780
27858780
27858780
27858780
27858780
27858780
27858780
27858780
27858780
27858780
27858780
27858780
27858780
27858780
27858780
27858780
27858780
27858780
27858780
27858780
27858780
27858780
27858780
27858780
27858780
27858780
27858780
27858780
27858780
27858780
27858780
27858780
27858780
27858780
27858780
27858780
27858780
27858780
27858780
27858780
27858780
27858780
27858780
27858780
27858780
27858780
27858780
27858780
27858780
27858780
27858780
27858780
27858780
27858780
27858780
27858780
27858780
27858780
27858780
27858780
27858780
27858780
27858780
27858780
27858780
27858780
27858780
27858780
27858780
27858780
27858780
27858780
27858780
27858780
27858780
27858780
27858780
27858780
27858780
27858780
27858780
27858780
27858780
27858780
27858780
27858780
27858780
27858780
27858780
27858780
27858780
27858780
27858780
27858780
27858780
27858780
27858780
27858780
27858780
27858780
27858780
27858780
27858780
27858780
27858780
27858780
27858780
27858780
27858780
27858780
27858780
27858780
27858780
27858780
27858780
27858780
27858780
27858780
27858780
27858780
27858780
27858780
27858780
27858780
27858780
27858780
27858780
27858780
27858780
27858780
27858780
27858780
27858780
27858780
27858780
27858780
27858780
27858780
27858780
27858780
27858780
27858780
27858780
27858780
27858780
27858780
27858780
27858780
27858780
27858780
27858780
27858780
27858780
27858780
27858780
27858780
27858780
27858780
27858780
27858780
27858780
27858780
27858780
27858780
27858780
27858780
27858780
27858780
27858780
27858780
27858780
27858780
27858780
27858780
27858780
27858780
27858780
27858780
27858780
27858780
27858780
27858780
27858780
27858780
27858780
27858780
27858780
27858780
27858780
27858780
27858780
27858780
27858780
27858780
27858780
27858780
27858780
27858780
27858780
27858780
27858780
27858780
27858780
27858780
27858780
27858780
27858780
27858780
27858780
27858780
27858780
27858780
27858780
27858780
27858780
27858780
27858780
27858780
27858780
27858780
27858780
27858780
27858780
27858780
27858780
27858780
27858780
27858780
27858780
27858780
27858780
27858780
27858780
27858780
27858780
27858780
27858780
27858780
27858780
27858780
27858780
27858780
27858780
27858780
27858780
27858780
27858780
27858780
27858780
27858780
27858780
27858780
27858780
27858780
27858780
27858780
27858780
27858780
27858780
27858780
27858780
27858780
27858780
27858780
27858780
27858780
27858780
27858780
27858780
27858780
27858780
27858780
27858780
27858780
27858780
27858780
27858780
27858780
27858780
27858780
27858780
27858780
27858780
27858780
27858780
27858780
27858780
27858780
27858780
27858780
27858780
27858780
27858780
27858780
27858780
27858780
27858780
27858780
27858780
27858780
27858780
27858780
27858780
27858780
27858780
27858780
27858780
27858780
27858780
27858780
27858780
27858780
27858780
27858780
27858780
27858780
27858780
27858780
27858780
27858780
27858780
27858780
27858780
27858780
27858780
27858780
27858780
27858780
27858780
27858780
27858780
27858780
27858780
27858780
27858780
27858780
27858780
27858780
27858780
27858780
27858780
27858780
27858780
27858780
27858780
27858780
27858780
27858780
27858780
27858780
27858780
27858780
27858780
27858780
27858780
27858780
27858780
27858780
27858780
27858780
27858780
27858780
27858780
27858780
27858780
27858780
27858780
27858780
27858780
27858780
27858780
27858780
27858780
27858780
27858780
27858780
27858780
27858780
27858780
27858780
27858780
27858780
27858780
27858780
27858780
27858780
27858780
27858780
27858780
27858780
27858780
27858780
27858780
27858780
27858780
27858780
27858780
27858780
27858780
27858780
27858780
27858780
27858780
27858780
27858780
27858780
27858780
27858780
27858780
27858780
27858780
27858780
27858780
27858780
27858780
27858780
27858780
27858780
27858780
27858780
27858780
27858780
27858780
27858780
27858780
27858780
27858780
27858780
27858780
27858780
27858780
27858780
27858780
27858780
27858780
27858780
27858780
27858780
27858780
27858780
27858780
27858780
27858780
27858780
27858780
27858780
27858780
27858780
27858780
27858780
27858780
27858780
27858780
27858780
27858780
27858780
27858780
27858780
27858780
27858780
27858780
27858780
27858780
27858780
27858780
27858780
27858780
27858780
27858780
27858780
27858780
27858780
27858780
27858780
27858780
27858780
27858780
27858780
27858780
27858780
27858780
27858780
27858780
27858780
27858780
27858780
27858780
27858780
27858780
27858780
27858780
27858780
27858780
27858780
27858780
27858780
27858780
27858780
27858780
27858780
27858780
27858780
27858780
27858780
27858780
27858780
27858780
27858780
27858780
27858780
27858780
27858780
27858780
27858780
27858780
27858780
27858780
27858780
27858780
27858780
27858780
27858780
27858780
27858780
27858780
27858780
27858780
27858780
27858780
27858780
27858780
27858780
27858780
27858780
27858780
27858780
27858780
27858780
27858780
27858780
27858780
27858780
27858780
27858780
27858780
27858780
27858780
27858780
27858780
27858780
27858780
27858780
27858780
27858780
27858780
27858780
27858780
27858780
27858780
27858780
27858780
27858780
27858780
27858780
27858780
27858780
27858780
27858780
27858780
27858780
27858780
27858780
27858780
27858780
27858780
27858780
27858780
27858780
27858780
27858780
27858780
27858780
27858780
27858780
27858780
27858780
27858780
27858780
27858780
27858780
27858780
27858780
27858780
27858780
27858780
27858780
27858780
27858780
27858780
27858780
27858780
27858780
27858780
27858780
27858780
27858780
27858780
27858780
27858780
27858780
27858780
27858780
27858780
27858780
27858780
27858780
27858780
27858780
27858780
27858780
27858780
27858780
27858780
27858780
27858780
27858780
27858780
27858780
27858780
27858780
27858780
27858780
27858780
27858780
27858780
27858780
27858780
27858780
27858780
27858780
27858780
27858780
27858780
27858780
27858780
27858780
27858780
27858780
27858780
27858780
27858780
27858780
27858780
27858780
27858780
27858780
27858780
27858780
27858780
27858780
27858780
27858780
27858780
27858780
27858780
27858780
27858780
27858780
27858780
27858780
27858780
27858780
27858780
27858780
27858780
27858780
27858780
27858780
27858780
27858780
27858780
27858780
27858780
27858780
27858780
27858780
27858780
27858780
27858780
27858780
27858780
27858780
27858780
27858780
27858780
27858780
27858780
27858780
27858780
27858780
27858780
27858780
27858780
27858780
27858780
27858780
27858780
27858780
27858780
27858780
27858780
27858780
27858780
27858780
27858780
27858780
27858780
27858780
27858780
27858780
27858780
27858780
27858780
27858780
27858780
27858780
27858780
27858780
27858780
27858780
27858780
27858780
27858780
27858780
27858780
27858780
27858780
27858780
27858780
27858780
27858780
27858780
27858780
27858780
27858780
27858780
27858780
27858780
27858780
27858780
27858780
27858780
27858780
27858780
27858780
27858780
27858780
27858780
27858780
27858780
27858780
27858780
27858780
27858780
27858780
27858780
27858780
27858780
27858780
27858780
27858780
27858780
27858780
27858780
27858780
27858780
27858780
27858780
27858780
27858780
27858780
27858780
27858780
27858780
27858780
27858780
27858780
27858780
27858780
27858780
27858780
27858780
27858780
27858780
27858780
27858780
27858780
27858780
27858780
27858780
27858780
27858780
27858780
27858780
27858780
27858780
27858780
27858780
27858780
27858780
27858780
27858780
27858780
27858780
27858780
27858780
27858780
27858780
27858780
27858780
27858780
27858780
27858780
27858780
27858780
27858780
27858780
27858780
27858780
27858780
27858780
27858780
27858780
27858780
27858780
27858780
27858780
27858780
27858780
27858780
27858780
27858780
27858780
27858780
27858780
27858780
27858780
27858780
27858780
27858780
27858780
27858780
27858780
27858780
27858780
27858780
27858780
27858780
27858780
27858780
27858780
27858780
27858780
27858780
27858780
27858780
27858780
27858780
27858780
27858780
27858780
27858780
27858780
27858780
27858780
27858780
27858780
27858780
27858780
27858780
27858780
27858780
27858780
27858780
27858780
27858780
27858780
27858780
27858780
27858780
27858780
27858780
27858780
27858780
27858780
27858780
27858780
27858780
27858780
27858780
27858780
27858780
27858780
27858780
27858780
