16499985
16499985
16499985
16499985
16499985
16499985
16499985
16499985
16727835
16727835
16727835
16727835
16727835
16785690
16785690
16809345
16825305
16843605
16843605
16843605
16843605
16843605
16843605
16843605
16843605
16843605
16843605
16843605
16843605
16843605
16843605
16843605
16843605
16843605
16843605
16843605
16843605
16843605
16843605
16843605
16843605
16843605
16843605
16843605
16843605
16843605
16843605
16843605
16843605
16947625
16969000
17024575
17097250
17097250
17508950
17508950
17571080
17571080
17571080
17764230
17764230
17837580
17877480
18053040
18053040
18053040
18152095
18152095
18152095
18247855
18247855
18503105
18614255
18614255
18635630
18635630
18846555
18846555
19185580
19185580
19185580
19185580
19185580
19185580
19185580
19185580
19185580
19185580
19185580
19185580
19185580
19185580
19185580
19185580
19185580
19185580
19185580
19185580
19185580
19185580
19185580
19185580
19185580
19185580
19185580
19185580
19185580
19185580
19185580
19185580
19185580
19185580
19185580
19185580
19185580
19185580
19185580
19185580
19185580
19185580
19185580
19185580
19185580
19185580
19185580
19185580
19185580
19185580
19185580
19185580
19185580
19185580
19185580
19185580
19185580
19185580
19185580
19185580
19185580
19185580
19185580
19185580
19185580
19185580
19185580
19185580
19185580
19185580
19185580
19185580
19185580
19185580
19185580
19185580
19185580
19185580
19185580
19185580
19185580
19185580
19185580
19408855
19445455
19445455
19802435
19802435
19802435
19802435
19802435
19802435
19802435
19802435
19802435
19802435
19802435
19802435
19802435
19802435
19932435
19932435
20097135
20097135
20097135
20097135
20097135
20097135
20097135
20097135
20097135
20097135
20097135
20097135
20097135
20097135
20097135
20097135
20097135
20097135
20097135
20097135
20097135
20097135
20097135
20097135
20097135
20097135
20097135
20097135
20218505
20218505
20399925
20551545
20551545
20678570
20678570
20678570
20688865
20688865
20744725
20744725
21017345
21017345
21122225
21122225
21122225
21354485
21354485
21354485
21354485
21464285
21464285
21464285
21464285
21464285
21464285
21464285
21464285
21464285
21769060
21769060
21769060
21769060
22497555
22497555
22853395
22853395
23365795
23365795
23413475
23413475
23413475
23517215
23542865
23542865
23774735
23774735
23774735
24169860
24169860
24169860
24169860
24169860
24169860
24169860
24169860
24169860
24169860
24169860
24169860
24169860
24169860
24169860
24169860
24169860
24188870
24188870
24188870
24188870
24188870
24188870
24188870
24188870
24371990
24371990
24371990
24401185
24401185
24401185
24547585
24547585
24547585
24547585
24547585
24547585
24547585
24547585
24547585
24547585
24547585
24547585
24547585
24547585
24547585
24547585
24547585
24547585
24547585
24547585
24547585
24547585
24547585
24547585
24547585
24547585
24547585
24547585
24547585
24547585
24547585
24547585
24547585
24547585
24547585
24547585
24547585
24547585
24547585
24547585
24547585
24547585
24547585
24547585
24547585
24547585
24547585
24547585
24547585
24547585
24547585
24547585
24547585
24547585
24547585
24547585
24547585
24547585
24547585
24547585
24547585
24547585
24547585
24547585
24547585
24547585
24547585
24547585
24547585
24547585
24547585
24547585
24547585
24547585
24547585
24547585
24547585
24547585
24547585
24547585
24547585
24547585
24547585
24547585
24547585
24547585
24547585
24547585
24547585
24547585
24547585
24547585
24547585
24547585
24547585
24547585
24547585
24547585
24547585
24547585
24547585
24547585
24547585
24547585
24547585
24547585
24547585
24547585
24547585
24547585
24547585
24547585
24547585
24547585
24547585
24547585
24547585
24547585
24547585
24547585
24547585
24547585
24547585
24547585
24547585
24547585
24547585
24547585
24547585
24547585
24547585
24547585
24547585
24547585
24547585
24547585
24547585
24547585
24547585
24547585
24547585
24547585
24547585
24547585
24547585
24547585
24547585
24547585
24547585
24547585
24547585
24547585
24547585
24547585
24547585
24547585
24547585
24547585
24547585
24547585
24547585
24547585
24547585
24547585
24547585
24547585
24547585
24547585
24547585
24547585
24547585
24547585
24547585
24547585
24547585
24547585
24547585
24547585
24547585
24547585
24547585
24547585
24547585
24547585
24547585
24547585
24547585
24547585
24547585
24547585
24547585
24547585
24547585
24547585
24547585
24547585
24547585
24547585
24547585
24547585
24547585
24547585
24547585
24547585
24547585
24547585
24547585
24547585
24547585
24547585
24547585
24547585
24547585
24547585
24547585
24547585
24547585
24547585
24547585
24547585
24547585
24547585
24547585
24547585
24547585
24547585
24547585
24547585
24547585
24547585
24547585
24547585
24547585
24547585
24547585
24547585
24547585
24547585
24547585
24547585
24547585
24547585
24547585
24547585
24547585
24547585
24547585
24547585
24547585
24547585
24547585
24547585
24547585
24547585
24547585
24547585
24547585
24547585
24547585
24547585
24547585
24547585
24547585
24547585
24547585
24547585
24547585
24547585
24547585
24547585
24547585
24547585
24547585
24547585
24547585
24547585
24547585
24547585
24547585
24547585
24547585
24547585
24547585
24547585
24547585
24547585
24547585
24547585
24547585
24547585
24547585
24547585
24547585
24547585
24547585
24547585
24547585
24547585
24547585
24547585
24547585
24547585
24547585
24547585
24547585
24547585
24547585
24547585
24547585
24547585
24547585
24547585
24547585
24547585
24547585
24547585
24547585
24547585
24547585
24547585
24547585
24547585
24547585
24547585
24547585
24547585
24547585
24547585
24547585
24547585
24547585
24547585
24547585
24547585
24547585
24547585
24547585
24547585
24547585
24547585
24547585
24547585
24547585
24547585
24547585
24547585
24547585
24547585
24547585
24547585
24547585
24547585
24547585
24547585
24547585
24547585
24547585
24547585
24547585
24547585
24547585
24547585
24547585
24547585
24547585
24547585
24547585
24547585
24547585
24547585
24547585
24547585
24547585
24547585
24547585
24547585
24547585
24547585
24547585
24547585
24547585
24547585
24547585
24547585
24547585
24547585
24547585
24547585
24547585
24547585
24547585
24547585
24547585
24547585
24547585
24547585
24547585
24547585
24547585
24547585
24547585
24547585
24547585
24547585
24547585
24547585
24547585
24547585
24547585
24547585
24547585
24547585
24547585
24547585
24547585
24547585
24547585
24547585
24547585
24547585
24547585
24547585
24547585
24547585
24547585
24547585
24547585
24547585
24547585
24547585
24547585
24547585
24547585
24547585
24547585
24547585
24547585
24547585
24547585
24547585
24547585
24547585
24547585
24547585
24547585
24547585
24547585
24547585
24547585
24547585
24547585
24547585
24547585
24547585
24547585
24547585
24547585
24547585
24547585
24547585
24547585
24547585
24547585
24547585
24547585
24547585
24547585
24547585
24547585
24547585
24547585
24547585
24547585
24547585
24547585
24547585
24547585
24547585
24547585
24547585
24547585
24547585
24547585
24547585
24547585
24547585
24547585
24547585
24547585
24547585
24547585
24547585
24547585
24547585
24547585
24547585
24547585
24547585
24547585
24547585
24547585
24547585
24547585
24547585
24547585
24547585
24547585
24547585
24547585
24547585
24547585
24547585
24547585
24547585
24547585
24547585
24547585
24547585
24547585
24547585
24547585
24547585
24547585
24547585
24547585
24547585
24547585
24547585
24547585
24547585
24547585
24547585
24547585
24547585
24547585
24547585
24547585
24547585
24547585
24547585
24547585
24547585
24547585
24547585
24547585
24547585
24547585
24547585
24547585
24547585
24547585
24547585
24547585
24547585
24547585
24547585
24547585
24547585
24547585
24547585
24547585
24547585
24547585
24547585
24547585
24547585
24547585
24547585
24547585
24547585
24547585
24547585
24547585
24547585
24547585
24547585
24547585
24547585
24547585
24547585
24547585
24547585
24547585
24547585
24547585
24547585
24547585
24547585
24547585
24547585
24547585
24547585
24547585
24547585
24547585
24547585
24547585
24547585
24547585
24547585
24547585
24547585
24547585
24547585
24547585
24547585
24547585
24547585
24547585
24547585
24547585
24547585
24547585
24547585
24547585
24547585
24547585
24547585
24547585
24547585
24547585
24547585
24547585
24547585
24547585
24547585
24547585
24547585
24547585
24547585
24547585
24547585
24547585
24547585
24547585
24547585
24547585
24547585
24547585
24547585
24547585
24547585
24547585
24547585
24547585
24547585
24547585
24547585
24547585
24547585
24547585
24547585
24547585
24547585
24547585
24547585
24547585
24547585
24547585
24547585
24547585
24547585
24547585
24547585
24547585
24547585
24547585
24547585
24547585
24547585
24547585
24547585
24547585
24547585
24547585
24547585
24547585
24547585
24547585
24547585
24547585
24547585
24547585
24547585
24547585
24547585
24547585
24547585
24547585
24547585
24547585
24547585
24547585
24547585
24547585
24547585
24547585
24547585
24547585
24547585
24547585
24547585
24547585
24547585
24547585
24547585
24547585
24547585
24547585
24547585
24547585
24547585
24547585
24547585
24547585
24547585
24547585
24547585
24547585
24547585
24547585
24547585
24547585
24547585
24547585
24547585
24547585
24547585
24547585
24547585
24547585
24547585
24547585
24547585
24547585
24547585
24547585
24547585
24547585
24547585
24547585
24547585
24547585
24547585
24547585
24547585
24547585
24547585
24547585
24547585
24547585
24547585
24547585
24547585
24547585
24547585
24547585
24547585
24547585
24547585
24547585
24547585
24547585
24547585
24547585
24547585
24547585
24547585
24547585
24547585
24547585
24547585
24547585
24547585
24547585
24547585
24547585
24547585
24547585
24547585
24547585
24547585
24547585
24547585
24547585
24547585
24547585
24547585
24547585
24547585
24547585
24547585
24547585
24547585
24547585
24547585
24547585
24547585
24547585
24547585
24547585
24547585
24547585
24547585
24547585
24547585
24547585
24547585
24547585
24547585
24547585
24547585
24547585
24547585
24547585
24547585
24547585
24547585
24547585
24547585
24547585
24547585
24547585
24547585
24547585
24547585
24547585
24547585
24547585
24547585
24547585
24547585
24547585
24547585
24547585
24547585
24547585
24547585
24547585
24547585
24547585
24547585
24547585
24547585
24547585
24547585
24547585
24547585
24547585
24547585
24547585
24547585
24547585
24547585
24547585
24547585
24547585
24547585
24547585
24547585
24547585
24547585
24547585
24547585
24547585
24547585
24547585
24547585
24547585
24547585
24547585
24547585
24547585
24547585
24547585
24547585
24547585
24547585
24547585
24547585
24547585
24547585
24547585
24547585
24547585
24547585
24547585
24547585
24547585
24547585
24547585
24547585
24547585
24547585
24547585
24547585
24547585
24547585
24547585
24547585
24547585
24547585
24547585
24547585
24547585
24547585
24547585
24547585
24547585
24547585
24547585
24547585
24547585
24547585
24547585
24547585
24547585
24547585
24547585
24547585
24547585
24547585
24547585
24547585
24547585
24547585
24547585
24547585
24547585
24547585
24547585
24547585
24547585
24547585
24547585
24547585
24547585
24547585
24547585
24547585
24547585
24547585
24547585
24547585
24547585
24547585
24547585
24547585
24547585
24547585
24547585
24547585
24547585
24547585
24547585
24547585
24547585
24547585
24547585
24547585
24547585
24547585
24547585
24547585
24547585
24547585
24547585
24547585
24547585
24547585
24547585
24547585
24547585
24547585
24547585
24547585
24547585
24547585
24547585
24547585
24547585
24547585
24547585
24547585
24547585
24547585
24547585
24547585
24547585
24547585
24547585
24547585
24547585
24547585
24547585
24547585
24547585
24547585
24547585
24547585
24547585
24547585
24547585
24547585
24547585
24547585
24547585
24547585
24547585
24547585
24547585
24547585
24547585
24547585
24547585
24547585
24547585
24547585
24547585
24547585
24547585
24547585
24547585
24547585
24547585
24547585
24547585
24547585
24547585
24547585
24547585
24547585
24547585
24547585
24547585
24547585
24547585
24547585
24547585
24547585
24547585
24547585
24547585
24547585
24547585
24547585
24547585
24547585
24547585
24547585
24547585
24547585
24547585
24547585
24547585
24547585
24547585
24547585
24547585
24547585
24547585
24547585
24547585
24547585
24547585
24547585
24547585
24547585
24547585
24547585
24547585
24547585
24547585
24547585
24547585
24547585
24547585
24547585
24547585
24547585
24547585
24547585
24547585
24547585
24547585
24547585
24547585
24547585
24547585
24547585
24547585
24547585
24547585
24547585
24547585
24547585
24547585
24547585
24547585
24547585
24547585
24547585
24547585
24547585
24547585
24547585
24547585
24547585
24547585
24547585
24547585
24547585
24547585
24547585
24547585
24547585
24547585
24547585
24547585
24547585
24547585
24547585
24547585
24547585
24547585
24547585
24547585
24547585
24547585
24547585
24547585
24547585
24547585
24547585
24547585
24547585
24547585
24547585
24547585
24547585
24547585
24547585
24547585
24547585
24547585
24547585
24547585
24547585
24547585
24547585
24547585
24547585
24547585
24547585
24547585
24547585
24547585
24547585
24547585
24547585
24547585
24547585
24547585
24547585
24547585
24547585
24547585
24547585
24547585
24547585
24547585
24547585
24547585
24547585
24547585
24547585
24547585
24547585
24547585
24547585
24547585
24547585
24547585
24547585
24547585
24547585
24547585
24547585
24547585
24547585
24547585
24547585
24547585
24547585
24547585
24547585
24547585
24547585
24547585
24547585
24547585
24547585
24547585
24547585
24547585
24547585
24547585
24547585
24547585
24547585
24547585
24547585
24547585
24547585
24547585
24547585
24547585
24547585
24547585
24547585
24547585
24547585
24547585
24547585
24547585
24547585
24547585
24547585
24547585
24547585
24547585
24547585
24547585
24547585
24547585
24547585
24547585
24547585
24547585
24547585
24547585
24547585
24547585
24547585
24547585
24547585
24547585
24547585
24547585
24547585
24547585
24547585
24547585
24547585
24547585
24547585
24547585
24547585
24547585
24547585
24547585
24547585
24547585
24547585
24547585
24547585
24547585
24547585
24547585
24547585
24547585
24547585
24547585
24547585
24547585
24547585
24547585
24547585
24547585
24547585
24547585
24547585
24547585
24547585
24547585
24547585
24547585
24547585
24547585
24547585
24547585
24547585
24547585
24547585
24547585
24547585
24547585
24547585
24547585
24547585
24547585
24547585
24547585
24547585
24547585
24547585
24547585
24547585
24547585
24547585
24547585
24547585
24547585
24547585
24547585
24547585
24547585
24547585
24547585
24547585
24547585
24547585
24547585
24547585
24547585
24547585
24547585
24547585
24547585
24547585
24547585
24547585
24547585
24547585
24547585
24547585
24547585
24547585
24547585
24547585
24547585
24547585
24547585
24547585
24547585
24547585
24547585
24547585
24547585
24547585
24547585
24547585
24547585
24547585
24547585
24547585
24547585
24547585
24547585
24547585
24547585
24547585
24547585
24547585
24547585
24547585
24547585
24547585
24547585
24547585
24547585
24547585
24547585
24547585
24547585
24547585
24547585
24547585
24547585
24547585
24547585
24547585
24547585
24547585
24547585
24547585
24547585
24547585
24547585
24547585
24547585
24547585
24547585
24547585
24547585
24547585
24547585
24547585
24547585
24547585
24547585
24547585
24547585
24547585
24547585
24547585
24547585
24547585
24547585
24547585
24547585
24547585
24547585
24547585
24547585
24547585
24547585
24547585
24547585
24547585
24547585
24547585
24547585
24547585
24547585
24547585
24547585
24547585
24547585
24547585
24547585
24547585
24547585
24547585
24547585
24547585
24547585
24547585
24547585
24547585
24547585
24547585
24547585
24547585
24547585
24547585
24547585
24547585
24547585
24547585
24547585
24547585
24547585
24547585
24547585
24547585
24547585
24547585
24547585
24547585
24547585
24547585
24547585
24547585
24547585
24547585
24547585
24547585
24547585
24547585
24547585
24547585
24547585
24547585
24547585
24547585
24547585
24547585
24547585
24547585
24547585
24547585
24547585
24547585
24547585
24547585
24547585
24547585
24547585
24547585
24547585
24547585
24547585
24547585
24547585
24547585
24547585
24547585
24547585
24547585
24547585
24547585
24547585
24547585
24547585
24547585
24547585
24547585
24547585
24547585
24547585
24547585
24547585
24547585
24547585
24547585
24547585
24547585
24547585
24547585
24547585
24547585
24547585
24547585
24547585
24547585
24547585
24547585
24547585
24547585
24547585
24547585
24547585
24547585
24547585
24547585
24547585
24547585
24547585
24547585
24547585
24547585
24547585
24547585
24547585
24547585
24547585
24547585
24547585
24547585
24547585
24547585
24547585
24547585
24547585
24547585
24547585
24547585
24547585
24547585
24547585
24547585
24547585
24547585
24547585
24547585
24547585
24547585
24547585
24547585
24547585
24547585
24547585
24547585
24547585
24547585
24547585
24547585
24547585
24547585
24547585
24547585
24547585
24547585
24547585
24547585
24547585
24547585
24547585
24547585
24547585
24547585
24547585
24547585
24547585
24547585
24547585
24547585
24547585
24547585
24547585
24547585
24547585
24547585
24547585
24547585
24547585
24547585
24547585
24547585
24547585
24547585
