9843300
10337400
8342700
8196300
9459000
14345100
8178000
9605400
8580600
11160900
9385800
10666800
9245040
9349200
8946600
8855100
10026300
8617200
8659440
11453700
9568800
9111300
8727000
9257700
9221100
10615200
8698380
12628200
8525700
7866900
8763600
7958400
12753000
10094820
9532200
10703400
10849800
9678600
11453700
7866900
9257700
11069400
13576500
9715200
15827400
11526900
8178000
10191000
8319720
14326800
8434200
9898200
15804420
13104000
10337400
9019800
9038100
9276000
8287800
10941300
9715200
10062900
10923000
8821800
9056400
9642000
9692220
9404100
8836800
8690400
8991180
9111300
8946600
10740000
14674500
10050240
7830300
12327420
9074700
10186320
10849800
9568800
10593600
9898200
8946600
8891700
8141400
7812000
13503300
7885200
13553520
8397600
9513900
8690400
8708295
11289000
8510700
12099840
11142600
8076180
7976700
8612520
9535500
