24519975
24519975
24519975
24519975
24519975
24519975
24519975
24519975
24519975
24519975
24519975
24519975
24519975
24519975
24519975
24519975
24519975
24519975
24519975
24519975
24570455
24570455
24570455
24570455
24570455
24570455
24570455
24776070
24776070
24776070
24857010
24869835
24869835
24869835
24869835
24869835
24869835
24869835
24869835
24869835
24869835
24869835
24869835
24869835
24869835
24869835
24869835
24869835
24869835
24869835
24869835
24869835
24869835
24869835
24869835
24869835
24869835
24869835
24869835
24869835
24869835
24869835
24869835
24869835
24869835
24869835
24869835
24869835
24869835
24869835
24869835
24869835
24869835
24869835
24869835
24869835
24869835
24869835
24869835
24869835
24869835
24869835
24869835
24869835
24869835
24869835
24869835
24869835
24869835
24869835
24869835
24869835
24869835
24869835
24869835
24869835
24869835
24869835
24869835
24869835
24869835
24869835
24869835
24869835
24869835
24869835
24869835
24869835
24869835
24869835
24869835
24869835
24869835
24869835
24869835
24869835
24869835
24869835
24869835
24869835
24869835
24869835
24869835
24869835
24869835
24869835
24869835
24869835
24869835
24869835
24869835
24869835
24869835
24869835
24869835
24869835
24869835
24869835
24869835
24869835
24869835
24869835
24869835
24869835
24869835
24869835
24869835
24869835
24869835
24869835
24869835
24869835
24869835
24869835
24869835
24869835
24869835
24869835
24869835
24869835
24869835
24869835
24869835
24869835
24869835
24869835
24869835
24869835
24869835
24869835
24869835
24869835
24869835
24869835
24869835
24869835
24869835
24869835
24869835
24869835
24869835
24869835
24869835
24869835
24869835
24869835
24869835
24869835
24869835
24869835
24869835
24869835
24869835
24869835
24869835
24869835
24869835
24869835
24869835
24869835
24869835
24869835
24869835
24869835
24869835
24869835
24869835
24869835
24869835
24869835
24869835
24869835
24869835
24869835
24869835
24869835
24869835
24869835
24869835
24869835
24869835
24869835
24869835
24869835
24869835
24869835
24869835
24911380
24911380
24911380
24911380
24911380
25117880
25117880
25117880
25117880
25117880
25117880
25117880
25117880
25117880
25117880
25117880
25117880
25117880
25205010
25205010
25544035
25544035
25544035
25544035
25544035
25544035
25544035
25544035
25544035
25544035
25544035
25544035
25544035
25544035
25544035
25544035
25544035
25579105
25579105
25579105
25579105
25579105
25579105
25579105
25579105
25692265
25692265
25692265
25692265
25692265
25692265
25692265
25692265
25692265
25692265
25692265
25692265
25692265
25692265
25692265
25692265
25692265
25692265
25692265
25692265
25692265
25692265
25692265
25692265
25692265
25692265
25692265
25692265
25692265
25692265
25692265
25692265
25692265
25692265
25692265
25692265
25692265
25692265
25692265
25692265
25692265
25692265
25692265
25692265
25692265
25692265
25692265
25692265
25692265
25692265
25692265
25692265
25692265
25692265
25692265
25692265
25692265
25692265
25692265
25692265
25692265
25692265
25692265
25692265
25692265
25692265
25692265
25692265
25692265
25692265
25692265
25692265
25692265
25692265
25692265
25692265
25692265
25692265
25692265
25692265
25692265
25692265
25692265
25692265
25692265
25692265
25692265
25692265
25692265
25716615
25716615
25826415
25826415
25826415
25826415
25826415
25826415
25826415
25826415
25826415
25826415
25826415
25826415
25826415
25826415
25826415
25826415
25826415
25826415
25826415
25826415
25826415
25826415
25826415
25826415
25826415
25826415
25826415
25826415
25826415
25826415
25826415
25826415
25826415
25826415
25826415
25826415
25826415
25826415
25826415
25826415
25826415
25826415
25826415
25826415
25826415
25826415
25826415
25826415
25826415
25826415
25826415
25826415
25826415
25826415
25826415
25826415
25826415
25826415
25826415
25826415
25826415
25826415
25826415
25826415
25826415
25826415
25826415
26205990
26205990
26205990
26427310
26452960
26452960
26452960
26452960
26452960
26452960
26452960
26452960
26452960
26452960
26452960
26452960
26452960
26452960
26452960
26452960
26452960
26452960
26452960
26452960
26452960
26452960
26452960
26452960
26452960
26452960
26452960
26452960
26583895
26596720
26596720
26596720
26596720
26596720
26619940
26619940
26619940
26839540
26860915
26860915
26860915
26920765
26920765
27259790
27259790
27259790
27259790
27259790
27259790
27291995
27371795
27371795
27371795
27371795
27371795
27371795
27371795
27371795
27371795
27371795
27371795
27371795
27371795
27371795
27371795
27371795
27371795
27371795
27371795
27371795
27371795
27371795
27371795
27371795
27371795
27371795
27371795
27371795
27371795
27371795
27371795
27371795
27371795
27371795
27472600
27472600
27472600
27472600
27472600
27472600
27472600
27472600
27472600
27472600
27472600
27472600
27472600
27472600
27472600
27479735
27479735
27479735
27479735
27479735
27479735
27479735
27479735
27719010
27719010
27719010
27719010
27719010
27788710
27963985
27963985
27963985
28211480
28211480
28211480
28211480
28211480
28211480
28211480
28211480
28211480
28211480
28211480
28211480
28211480
28211480
28211480
28211480
28211480
28211480
28211480
28211480
28211480
28211480
28211480
28211480
28211480
28211480
28211480
28211480
28211480
28211480
28211480
28211480
28211480
28211480
28211480
28211480
28225275
28225275
28225275
28225275
28225275
28225275
28225275
28225275
28225275
28225275
28377150
28401090
28401090
28401090
28401090
28401090
28401090
28401090
28401090
28401090
28401090
28401090
28401090
28401090
28401090
28401090
28401090
28401090
28401090
28401090
28401090
28401090
28401090
28401090
28401090
28401090
28401090
28401090
28401090
28401090
28401090
28401090
28401090
28401090
28401090
28401090
28401090
28401090
28401090
28401090
28401090
28401090
28401090
28401090
28401090
28401090
28401090
28401090
28401090
28401090
28401090
28401090
28401090
28401090
28401090
28401090
28401090
28585275
28585275
28585275
29125600
29164075
29164075
29164075
29164075
29164075
29411600
29432975
29432975
29432975
29432975
29432975
29432975
29432975
29432975
29432975
29432975
29432975
29432975
29432975
29432975
29432975
29432975
29584635
29584635
29584635
29584635
29584635
29584635
29584635
29584635
29584635
29584635
29584635
29584635
29584635
29584635
29584635
29584635
29584635
29584635
29584635
29584635
29584635
29584635
29584635
29584635
29584635
29584635
29584635
29584635
29628970
29628970
29628970
29628970
29636875
29675350
29675350
29693650
29693650
29803450
29803450
29803450
29803450
29803450
29803450
30006470
30006470
30006470
30006470
30012740
30012740
30130445
30221945
30221945
30221945
30221945
30221945
30221945
30221945
30221945
30221945
30221945
30221945
30221945
30221945
30221945
30221945
30221945
30221945
30221945
30221945
30221945
30221945
30221945
30221945
30228420
30228420
30228420
30228420
30228420
30228420
30228420
30228420
30228420
30228420
30228420
30228420
30228420
30228420
30228420
30228420
30228420
30228420
30228420
30228420
30228420
30228420
30228420
30228420
30228420
30228420
30228420
30228420
30228420
30228420
30228420
30228420
30228420
30228420
30228420
30228420
30228420
30374260
30374260
30374260
30491965
30491965
30491965
30491965
30491965
30491965
30491965
30491965
30491965
30491965
30491965
30760265
30760265
30760265
30760265
30965750
30965750
30965750
30965750
30965750
30965750
30965750
30965750
30965750
30965750
30965750
31081460
31081460
31081460
31333740
31333740
31333740
31333740
31333740
31333740
31333740
31333740
31333740
31333740
31333740
31333740
31333740
31333740
31333740
31333740
31333740
31333740
31333740
31333740
31333740
31333740
31333740
31333740
31333740
31333740
31333740
31333740
31333740
31333740
31333740
31333740
31333740
31333740
31333740
31333740
31333740
31333740
31333740
31333740
31333740
31333740
31333740
31333740
31333740
31333740
31333740
31333740
31333740
31333740
31333740
31333740
31333740
31333740
31333740
31333740
31333740
31333740
31333740
31333740
31333740
31333740
31333740
31333740
31333740
31333740
31333740
31333740
31333740
31333740
31333740
31333740
31333740
31333740
31333740
31333740
31333740
31333740
31333740
31333740
31333740
31333740
31333740
31333740
31333740
31333740
31333740
31333740
31333740
31333740
31333740
31333740
31333740
31333740
31333740
31333740
31333740
31333740
31333740
31333740
31333740
31333740
31333740
31333740
31333740
31333740
31333740
31333740
31333740
31333740
31333740
31333740
31333740
31333740
31333740
31333740
31333740
31333740
31333740
31333740
31333740
31333740
31333740
31333740
31333740
31333740
31333740
31333740
31333740
31333740
31333740
31333740
31333740
31333740
31333740
31333740
31333740
31333740
31333740
31333740
31333740
31333740
31333740
31333740
31333740
31333740
31333740
31333740
31333740
31333740
31333740
31333740
31333740
31333740
31333740
31333740
31333740
31333740
31333740
31333740
31333740
31333740
31333740
31333740
31333740
31333740
31333740
31333740
31333740
31333740
31333740
31333740
31333740
31333740
31333740
31333740
31333740
31333740
31333740
31333740
31333740
31333740
31333740
31333740
31333740
31333740
31333740
31333740
31333740
31333740
31333740
31333740
31333740
31333740
31333740
31333740
31333740
31333740
31333740
31333740
31333740
31333740
31333740
31333740
31333740
31333740
31333740
31333740
31333740
31333740
31333740
31333740
31333740
31333740
31333740
31333740
31333740
31333740
31333740
31333740
31333740
31333740
31333740
31333740
31333740
31333740
31333740
31333740
31333740
31333740
31333740
31333740
31333740
31333740
31333740
31333740
31333740
31333740
31333740
31333740
31333740
31333740
31333740
31333740
31333740
31333740
31333740
31333740
31333740
31333740
31333740
31333740
31333740
31333740
31333740
31333740
31333740
31333740
31333740
31333740
31333740
31333740
31333740
31333740
31333740
31333740
31333740
31333740
31333740
31333740
31333740
31333740
31333740
31333740
31333740
31333740
31333740
31333740
31333740
31333740
31333740
31333740
31333740
31333740
31333740
31333740
31333740
31333740
31333740
31333740
31333740
31333740
31333740
31333740
31333740
31333740
31333740
31333740
31333740
31333740
31333740
31333740
31333740
31333740
31333740
31333740
31333740
31333740
31333740
31333740
31333740
31333740
31333740
31333740
31333740
31333740
31333740
31333740
31333740
31333740
31333740
31333740
31333740
31333740
31333740
31333740
31333740
31333740
31333740
31333740
31333740
31333740
31333740
31333740
31333740
31333740
31333740
31333740
31333740
31333740
31333740
31333740
31333740
31333740
31333740
31333740
31333740
31333740
31333740
31333740
31333740
31333740
31333740
31333740
31333740
31333740
31333740
31333740
31333740
31333740
31333740
31333740
31333740
31333740
31333740
31333740
31333740
31333740
31333740
31333740
31333740
31333740
31333740
31333740
31333740
31333740
31333740
31333740
31333740
31333740
31333740
31333740
31333740
31333740
31333740
31333740
31333740
31333740
31333740
31333740
31333740
31333740
31333740
31333740
31333740
31333740
31333740
31333740
31333740
31333740
31333740
31333740
31333740
31333740
31333740
31333740
31333740
31333740
31333740
31333740
31333740
31333740
31333740
31333740
31333740
31333740
31333740
31333740
31333740
31333740
31333740
31333740
31333740
31333740
31333740
31333740
31333740
31333740
31333740
31333740
31333740
31333740
31333740
31333740
31333740
31333740
31333740
31333740
31333740
31333740
31333740
31333740
31333740
31333740
31333740
31333740
31333740
31333740
31333740
31333740
31333740
31333740
31333740
31333740
31333740
31333740
31333740
31333740
31333740
31333740
31333740
31333740
31333740
31333740
31333740
31333740
31333740
31333740
31333740
31333740
31333740
31333740
31333740
31333740
31333740
31333740
31333740
31333740
31333740
31333740
31333740
31333740
31333740
31333740
31333740
31333740
31333740
31333740
31333740
31333740
31333740
31333740
31333740
31333740
31333740
31333740
31333740
31333740
31333740
31333740
31333740
31333740
31333740
31333740
31333740
31333740
31333740
31333740
31333740
31333740
31333740
31333740
31333740
31333740
31333740
31333740
31333740
31333740
31333740
31333740
31333740
31333740
31333740
31333740
31333740
31333740
31333740
31333740
31333740
31333740
31333740
31333740
31333740
31333740
31333740
31333740
31333740
31333740
31333740
31333740
31333740
31333740
31333740
31333740
31333740
31333740
31333740
31333740
31333740
31333740
31333740
31333740
31333740
31333740
31333740
31333740
31333740
31333740
31333740
31333740
31333740
31333740
31333740
31333740
31333740
31333740
31333740
31333740
31333740
31333740
31333740
31333740
31333740
31333740
31333740
31333740
31333740
31333740
31333740
31333740
31333740
31333740
31333740
31333740
31333740
31333740
31333740
31333740
31333740
31333740
31333740
31333740
31333740
31333740
31333740
31333740
31333740
31333740
31333740
31333740
31333740
31333740
31333740
31333740
31333740
31333740
31343840
31386590
31386590
31386590
31432350
31432350
31543870
31599445
31667845
31667845
32043470
32208170
32208170
32338410
32338410
32338410
32338410
32357385
32357385
32357385
32357385
32357385
32357385
32357385
32357385
32357385
32357385
32357385
32357385
32357385
32357385
32357385
32357385
32357385
32357385
32357385
32357385
32357385
32357385
32357385
32357385
32357385
32357385
32357385
32357385
32357385
32357385
32357385
32357385
32357385
32357385
32357385
32357385
32357385
32357385
32357385
32357385
32357385
32357385
32357385
32357385
32357385
32357385
32357385
32357385
32357385
32357385
32357385
32357385
32357385
32357385
32357385
32357385
32357385
32357385
32357385
32357385
32357385
32357385
32357385
32357385
32357385
32357385
32357385
32357385
32357385
32357385
32357385
32357385
32357385
32357385
32357385
32357385
32357385
32357385
32357385
32357385
32357385
32357385
32357385
32357385
32357385
32357385
32357385
32357385
32357385
32357385
32357385
32357385
32357385
32357385
32357385
32357385
32357385
32357385
32357385
32357385
32357385
32357385
32357385
32357385
32357385
32357385
32357385
32357385
32357385
32357385
32357385
32357385
32357385
32357385
32357385
32357385
32357385
32357385
32357385
32357385
32357385
32357385
32357385
32357385
32357385
32357385
32357385
32357385
32357385
32357385
32357385
32357385
32357385
32357385
32357385
32357385
32357385
32357385
32357385
32357385
32357385
32357385
32357385
32357385
32357385
32357385
32357385
32357385
32357385
32357385
32357385
32357385
32357385
32357385
32357385
32357385
32357385
32357385
32357385
32357385
32357385
32357385
32357385
32357385
32357385
32357385
32357385
32357385
32357385
32357385
32357385
32357385
32357385
32357385
32357385
32357385
32357385
32357385
32357385
32357385
32357385
32357385
32357385
32357385
32357385
32357385
32357385
32357385
32357385
32357385
32357385
32357385
32357385
32357385
32357385
32357385
32357385
32357385
32357385
32357385
32357385
32357385
32357385
32357385
32357385
32357385
32357385
32357385
32357385
32357385
32357385
32357385
32357385
32357385
32357385
32357385
32357385
32357385
32357385
32357385
32357385
32357385
32357385
32357385
32357385
32357385
32357385
32357385
32357385
32357385
32357385
32357385
32357385
32357385
32357385
32357385
32357385
32357385
32357385
32357385
32357385
32357385
32357385
32357385
32357385
32357385
32357385
32357385
32357385
32357385
32357385
32357385
32357385
32357385
32357385
32357385
32357385
32357385
32357385
32357385
32357385
32357385
32357385
32357385
32357385
32357385
32357385
32357385
32357385
32357385
32357385
32357385
32357385
32357385
32357385
32357385
32357385
32357385
32357385
32357385
32357385
32357385
32357385
32357385
32357385
32357385
32357385
32357385
32357385
32357385
32357385
32357385
32357385
32357385
32357385
32357385
32357385
32357385
32357385
32357385
32357385
32357385
32357385
32357385
32357385
32357385
32357385
32357385
32357385
32357385
32357385
32357385
32357385
32357385
32357385
32357385
32357385
32357385
32357385
32357385
32357385
32357385
32357385
32357385
32357385
32357385
32357385
32357385
32357385
32357385
32357385
32357385
32357385
32357385
32357385
32357385
32357385
32357385
32357385
32357385
32357385
32357385
32357385
32357385
32357385
32357385
32357385
32357385
32357385
32357385
32357385
32357385
32357385
32357385
32357385
32357385
32357385
32357385
32357385
32357385
32357385
32357385
32357385
32357385
32357385
32357385
32357385
32357385
32357385
32357385
32357385
32357385
32357385
32357385
32357385
32357385
32357385
32357385
32357385
32357385
32357385
32357385
32357385
32357385
32357385
32357385
32357385
32357385
32357385
32357385
32357385
32357385
32357385
32357385
32357385
32357385
32357385
32357385
32357385
32357385
32357385
32357385
32357385
32357385
32357385
32357385
32357385
32357385
32357385
32357385
32357385
32357385
32357385
32357385
32357385
32357385
32357385
32357385
32357385
32357385
32357385
32357385
32357385
32357385
32357385
32357385
32357385
32357385
32357385
32357385
32357385
32357385
32357385
32357385
32357385
32357385
32357385
32357385
32357385
32357385
32357385
32357385
32357385
32357385
32357385
