24479340
24479340
24479340
24479340
24479340
24479340
24479340
24479340
24479340
24479340
24479340
24479340
24479340
24479340
24479340
24479340
24479340
24479340
24479340
24479340
24479340
24479340
24479340
24479340
24479340
24479340
24479340
24479340
24479340
24479340
24479340
24479340
24479340
24479340
24479340
24479340
24479340
24479340
24479340
24479340
24479340
24479340
24479340
24479340
24479340
24479340
24479340
24479340
24479340
24479340
24479340
24479340
24479340
24479340
24479340
24479340
24479340
24479340
24479340
24479340
24479340
24479340
24479340
24479340
24479340
24479340
24479340
24479340
24479340
24479340
24479340
24546685
24546685
24546685
24683305
24683305
24683305
24683305
24683305
24683305
24683305
24683305
24949655
24949655
25395555
25395555
25395555
25395555
25395555
25395555
25395555
25395555
25395555
25395555
25395555
25395555
25395555
25395555
25395555
25395555
25395555
25395555
25395555
25395555
25395555
25395555
25395555
25395555
25395555
25395555
25395555
25395555
25395555
25395555
25395555
25395555
25395555
25395555
25395555
25395555
25395555
25395555
25395555
25395555
25395555
25395555
25395555
25395555
25395555
25395555
25395555
25395555
25395555
25395555
25395555
25395555
25395555
25395555
25395555
25395555
25395555
25395555
25395555
25395555
25395555
25395555
25395555
25395555
25395555
25395555
25395555
25395555
25395555
25395555
25395555
25395555
25395555
25395555
25403815
25403815
25412365
25412365
25412365
25412365
25420345
25420345
25420345
25420345
25420345
25420345
25420345
25538050
25538050
25556350
25556350
25556350
25556350
25556350
25674055
25674055
26013080
26013080
26066660
26066660
26066660
26162420
26162420
26162420
26467245
26467245
26467245
26769795
26803995
26803995
26945515
26945515
26945515
26945515
26945515
26945515
26945515
26945515
26945515
26945515
26945515
26945515
26945515
26945515
26945515
26945515
26945515
26945515
26945515
26945515
26945515
26945515
26945515
26945515
26945515
26945515
26945515
26945515
26945515
26945515
26945515
26945515
26945515
26945515
26945515
26945515
26945515
26945515
26945515
26945515
26945515
26945515
26945515
26945515
26945515
27111330
27111330
27111330
27111330
27111330
27111330
27111330
27111330
27111330
27111330
27111330
27111330
27111330
27111330
27111330
27111330
27111330
27111330
27111330
27111330
27111330
27111330
27111330
27111330
27111330
27111330
27111330
27111330
27111330
27111330
27111330
27111330
27111330
27111330
27111330
27111330
27111330
27111330
27111330
27111330
27111330
27111330
27111330
27111330
27111330
27111330
27111330
27111330
27413225
27453125
27636950
27966350
27966350
27966350
27966350
27966350
27966350
27966350
27966350
27966350
27966350
27966350
27966350
27966350
27966350
27966350
27966350
27966350
27966350
27966350
27966350
27966350
27966350
27966350
27966350
27966350
27966350
27966350
27966350
27966350
27966350
27966350
27966350
27966350
27966350
27966350
27966350
27966350
27966350
27966350
27966350
27966350
27966350
27966350
27966350
27966350
27966350
27966350
27966350
27966350
27966350
27966350
27966350
27966350
28305405
28309680
28309680
28648705
28648705
28648705
28648705
28648705
28648705
28648705
28648705
28694305
28728505
28728505
28728505
28728505
28728505
28728505
28728505
28728505
28728505
28728505
28728505
28728505
28728505
28784815
28784815
28784815
28920820
28928800
28928800
28928800
29002000
29002000
29002000
29002000
29002000
29002000
29002000
29002000
29002000
29002000
29002000
29002000
29002000
29002000
29002000
29002000
29002000
29002000
29002000
29002000
29002000
29002000
29002000
29002000
29002000
29002000
29002000
29002000
29002000
29002000
29002000
29002000
29002000
29002000
29002000
29002000
29002000
29002000
29002000
29002000
29002000
29002000
29002000
29002000
29002000
29002000
29002000
29002000
29002000
29002000
29002000
29002000
29002000
29002000
29002000
29002000
29002000
29002000
29002000
29002000
29002000
29002000
29002000
29002000
29002000
29002000
29002000
29002000
29002000
29002000
29002000
29002000
29002000
29002000
29002000
29002000
29002000
29002000
29002000
29002000
29002000
29002000
29002000
29002000
29002000
29002000
29002000
29002000
29002000
29002000
29002000
29002000
29002000
29002000
29002000
29002000
29002000
29002000
29002000
29002000
29002000
29002000
29002000
29002000
29002000
29002000
29002000
29002000
29002000
29002000
29002000
29002000
29002000
29002000
29002000
29002000
29002000
29002000
29002000
29002000
29002000
29002000
29002000
29002000
29002000
29002000
29002000
29002000
29002000
29002000
29002000
29002000
29002000
29002000
29002000
29002000
29002000
29002000
29002000
29002000
29002000
29002000
29002000
29002000
29002000
29002000
29002000
29002000
29002000
29002000
29002000
29002000
29002000
29002000
29002000
29002000
29002000
29002000
29002000
29002000
29002000
29002000
29002000
29002000
29002000
29002000
29002000
29002000
29002000
29002000
29002000
29002000
29002000
29002000
29002000
29002000
29002000
29002000
29002000
29002000
29002000
29002000
29002000
29002000
29002000
29002000
29002000
29002000
29002000
29002000
29002000
29002000
29002000
29002000
29002000
29002000
29002000
29002000
29002000
29002000
29002000
29002000
29002000
29002000
29002000
29002000
29002000
29002000
29002000
29002000
29002000
29002000
29002000
29002000
29002000
29002000
29002000
29002000
29002000
29002000
29002000
29002000
29002000
29002000
29002000
29002000
29002000
29002000
29002000
29002000
29002000
29002000
29002000
29002000
29002000
29002000
29002000
29002000
29002000
29002000
29002000
29002000
29002000
29002000
29002000
29002000
29002000
29002000
29002000
29002000
29002000
29002000
29002000
29002000
29002000
29002000
29002000
29002000
29002000
29002000
29002000
29002000
29002000
29002000
29002000
29002000
29002000
29002000
29002000
29002000
29002000
29002000
29002000
29002000
29002000
29002000
29002000
29002000
29002000
29002000
29002000
29002000
29002000
29002000
29002000
29002000
29002000
29002000
29002000
29002000
29002000
29002000
29002000
29002000
29002000
29002000
29002000
29002000
29002000
29002000
29002000
29002000
29002000
29002000
29002000
29002000
29002000
29002000
29002000
29002000
29002000
29002000
29002000
29002000
29002000
29002000
29002000
29002000
29002000
29002000
29002000
29002000
29002000
29002000
29002000
29002000
29002000
29002000
29002000
29002000
29002000
29002000
29002000
29002000
29002000
29002000
29002000
29002000
29002000
29002000
29002000
29002000
29002000
29002000
29002000
29002000
29002000
29002000
29002000
29002000
29002000
29002000
29002000
29002000
29002000
29002000
29002000
29002000
29002000
29002000
29002000
29002000
29002000
29002000
29002000
29002000
29002000
29002000
29002000
29002000
29002000
29002000
29002000
29002000
29002000
29002000
29002000
29002000
29002000
29002000
29002000
29002000
29002000
29002000
29002000
29002000
29002000
29002000
29002000
29002000
29002000
29002000
29002000
29002000
29002000
29002000
29002000
29002000
29002000
29002000
29002000
29002000
29002000
29002000
29002000
29002000
29002000
29002000
29002000
29002000
29002000
29002000
29002000
29002000
29002000
29002000
29002000
29002000
29002000
29002000
29002000
29002000
29002000
29002000
29002000
29002000
29002000
29002000
29002000
29002000
29002000
29002000
29002000
29002000
29002000
29002000
29002000
29002000
29002000
29002000
29002000
29002000
29002000
29002000
29002000
29002000
29002000
29002000
29002000
29002000
29002000
29002000
29002000
29002000
29002000
29002000
29002000
29002000
29002000
29002000
29002000
29002000
29002000
29002000
29002000
29002000
29002000
29002000
29002000
29002000
29002000
29002000
29002000
29002000
29002000
29002000
29002000
29002000
29002000
29002000
29002000
29002000
29002000
29002000
29002000
29002000
29002000
29002000
29002000
29002000
29002000
29002000
29002000
29002000
29002000
29002000
29002000
29002000
29002000
29002000
29002000
29002000
29002000
29002000
29002000
29002000
29002000
29002000
29002000
29002000
29002000
29002000
29002000
29002000
29002000
29002000
29002000
29002000
29002000
29002000
29002000
29002000
29002000
29002000
29002000
29002000
29002000
29002000
29002000
29002000
29002000
29002000
29002000
29002000
29002000
29002000
29002000
29002000
29002000
29002000
29002000
29002000
29002000
29002000
29002000
29002000
29002000
29002000
29002000
29002000
29002000
29002000
29002000
29002000
29002000
29002000
29002000
29002000
29002000
29002000
29002000
29002000
29002000
29002000
29002000
29002000
29002000
29002000
29002000
29002000
29002000
29002000
29002000
29002000
29002000
29002000
29002000
29002000
29002000
29002000
29002000
29002000
29002000
29002000
29002000
29002000
29002000
29002000
29002000
29002000
29002000
29002000
29002000
29002000
29002000
29002000
29002000
29002000
29002000
29002000
29002000
29002000
29002000
29002000
29002000
29002000
29002000
29002000
29002000
29002000
29002000
29002000
29002000
29002000
29002000
29002000
29002000
29002000
29002000
29002000
29002000
29002000
29002000
29002000
29002000
29002000
29002000
29002000
29002000
29002000
29002000
29002000
29002000
29002000
29002000
29002000
29002000
29002000
29002000
29002000
29002000
29002000
29002000
29002000
29002000
29002000
29002000
29002000
29002000
29002000
29002000
29002000
29002000
29002000
29002000
29002000
29002000
29002000
29002000
29002000
29002000
29002000
29002000
29002000
29002000
29002000
29002000
29002000
29002000
29002000
29002000
29002000
29002000
29002000
29002000
29002000
29002000
29002000
29002000
29002000
29002000
29002000
29002000
29002000
29002000
29002000
29002000
29002000
29002000
29002000
29002000
29002000
29002000
29002000
29002000
29002000
29002000
29002000
29002000
29002000
29002000
29002000
29002000
29002000
29002000
29002000
29002000
29002000
29002000
29002000
29002000
29002000
29002000
29002000
29002000
29002000
29002000
29002000
29002000
29002000
29002000
29002000
29002000
29002000
29002000
29002000
29002000
29002000
29002000
29002000
29002000
29002000
29002000
29002000
29002000
29002000
29002000
29002000
29002000
29002000
29002000
29002000
29002000
29002000
29002000
29002000
29002000
29002000
29002000
29002000
29002000
29002000
29002000
29002000
29002000
29002000
29002000
29002000
29002000
29002000
29002000
29002000
29002000
29002000
29002000
29002000
29002000
29002000
29002000
29002000
29002000
29002000
29002000
29002000
29002000
29002000
29002000
29002000
29002000
29002000
29002000
29002000
29002000
29002000
29002000
29002000
29002000
29002000
29002000
29002000
29002000
29002000
29002000
29002000
29002000
29002000
29002000
29002000
29002000
29002000
29002000
29002000
29002000
29002000
29002000
29002000
29002000
29002000
29002000
29002000
29002000
29002000
29002000
29002000
29002000
29002000
29002000
29002000
29002000
29002000
29002000
29002000
29002000
29002000
29002000
29002000
29002000
29002000
29002000
29002000
29002000
29002000
29002000
29002000
29002000
29002000
29002000
29002000
29002000
29002000
29002000
29002000
29002000
29002000
29002000
29002000
29002000
29002000
29002000
29002000
29002000
29002000
29002000
29002000
29002000
29002000
29002000
29002000
29002000
29002000
29002000
29002000
29002000
29002000
29002000
29002000
29002000
29002000
29002000
29002000
29002000
29002000
29002000
29002000
29002000
29002000
29002000
29002000
29002000
29002000
29002000
29002000
29002000
29002000
29002000
29002000
29002000
29002000
29002000
29002000
29002000
29002000
29002000
29002000
29002000
29002000
29002000
29002000
29002000
29002000
29002000
29002000
29002000
29002000
29002000
29002000
29002000
29002000
29002000
29002000
29002000
29002000
29002000
29002000
29002000
29002000
29002000
29002000
29002000
29002000
29002000
29002000
29002000
29002000
29002000
29002000
29002000
29002000
29002000
29002000
29002000
29002000
29002000
29002000
29002000
29002000
29002000
29002000
29002000
29002000
29002000
29002000
29002000
29002000
29002000
29002000
29002000
29002000
29002000
29002000
29002000
29002000
29002000
29002000
29002000
29002000
29002000
29002000
29002000
29002000
29002000
29002000
29002000
29002000
29002000
29002000
29002000
29002000
29002000
29002000
29002000
29002000
29002000
29002000
29002000
29002000
29002000
29002000
29002000
29002000
29002000
29002000
29002000
29002000
29002000
29002000
29002000
29002000
29002000
29002000
29002000
29002000
29002000
29002000
29002000
29002000
29002000
29002000
29002000
29002000
29002000
29002000
29002000
29002000
29002000
29002000
29002000
29002000
29002000
29002000
29002000
29002000
29002000
29002000
29002000
29002000
29002000
29002000
29002000
29002000
29002000
29002000
29002000
29002000
29002000
29002000
29002000
29002000
29002000
29002000
29002000
29002000
29002000
29002000
29002000
29002000
29002000
29002000
29002000
29002000
29002000
29002000
29002000
29002000
29002000
29002000
29002000
29002000
29002000
29002000
29002000
29002000
29002000
29002000
29002000
29002000
29002000
29002000
29002000
29002000
29002000
29002000
29002000
29002000
29002000
29002000
29002000
29002000
29002000
29002000
29002000
29002000
29002000
29002000
29002000
29002000
29002000
29002000
29002000
29002000
29002000
29002000
29002000
29002000
29002000
29002000
29002000
29002000
29002000
29002000
29002000
29002000
29002000
29047095
29047095
29047095
29181900
29181900
29299605
29299605
29417310
29425290
29644890
29653440
29653440
29690040
29690040
29690040
29690040
29690040
29690040
29690040
29690040
29690040
29690040
29690040
29690040
29690040
29690040
29690040
29690040
29690040
29690040
29690040
29690040
29690040
29690040
29690040
29690040
29690040
29690040
29690040
29690040
29690040
29690040
29690040
29690040
29690040
29690040
29690040
29690040
29690040
29690040
29690040
29690040
29690040
29690040
29690040
29690040
29690040
29690040
29690040
29690040
29690040
29690040
29690040
29690040
29690040
29690040
29690040
29690040
29690040
29690040
29690040
29690040
29690040
29690040
29690040
29690040
29690040
29690040
29690040
29690040
29690040
29690040
29690040
29690040
29690040
29690040
29690040
29690040
29690040
29690040
29690040
29690040
29690040
29690040
29690040
29690040
29690040
29690040
29690040
29690040
29690040
29690040
29690040
29690040
29690040
29690040
29690040
29690040
29690040
29690040
29690040
29690040
29690040
29690040
29690040
29690040
29690040
29690040
29690040
29690040
29690040
29690040
29690040
29690040
29690040
29690040
29690040
29690040
29690040
29690040
29690040
29690040
29690040
29690040
29690040
29690040
29690040
29690040
29690040
29690040
29690040
29690040
29690040
29690040
29690040
29690040
29690040
29690040
29690040
29690040
29690040
29690040
29690040
29690040
29690040
29690040
29690040
29690040
29690040
29690040
29690040
29690040
29690040
29690040
29690040
29690040
29690040
29690040
29690040
29690040
29690040
29690040
29690040
29690040
29690040
29690040
29690040
29690040
29690040
29690040
29690040
29690040
29690040
29690040
29690040
29690040
29690040
29690040
29690040
29690040
29690040
29690040
29690040
29690040
29690040
29690040
29690040
29690040
29690040
29690040
29690040
29690040
29690040
29690040
29690040
29690040
29690040
29690040
29690040
29690040
29690040
29690040
29690040
29690040
29690040
29690040
29690040
29690040
29690040
29690040
29690040
29690040
29690040
29690040
29690040
29690040
29690040
29690040
29690040
29690040
29690040
29690040
29690040
29690040
29690040
29690040
29690040
29690040
29690040
29690040
29690040
29690040
29690040
29690040
29690040
29690040
29690040
29690040
29690040
29690040
29690040
29690040
29690040
29690040
29690040
29690040
29690040
29690040
29690040
29690040
29690040
29690040
29690040
29690040
29690040
29690040
29690040
29690040
29690040
29690040
29690040
29690040
29690040
29690040
29690040
29690040
29690040
29690040
29690040
29690040
29690040
29690040
29690040
29690040
29690040
29690040
29690040
29690040
29690040
29690040
29690040
29690040
29690040
29690040
29690040
29690040
29690040
29690040
29690040
29690040
29690040
29690040
29690040
29690040
29690040
29690040
29690040
29690040
29690040
29690040
29690040
29690040
29690040
29690040
29690040
29690040
29690040
29690040
29690040
29690040
29690040
29690040
29690040
29690040
29690040
29690040
29690040
29690040
29690040
29690040
29690040
29690040
29690040
29690040
29690040
29690040
29690040
29690040
29690040
29690040
29690040
29690040
29690040
29690040
29690040
29690040
29690040
29690040
29690040
29690040
29690040
29690040
29690040
29690040
29690040
29690040
29690040
29690040
29690040
29690040
29690040
29690040
29690040
29690040
29690040
29690040
29690040
29690040
29690040
29690040
29690040
29690040
29690040
29690040
29690040
29690040
29690040
29690040
29690040
29690040
29690040
29690040
29690040
29690040
29690040
29690040
29690040
29690040
29690040
29690040
29690040
29690040
29690040
29690040
29690040
29690040
29690040
29690040
29690040
29690040
29690040
29690040
29690040
29690040
29690040
29690040
29690040
29690040
29690040
29690040
29690040
29690040
29690040
29690040
29690040
29690040
29690040
29690040
29690040
29690040
29690040
29690040
29690040
29690040
29690040
29690040
29690040
29690040
29690040
29690040
29690040
29690040
29690040
29690040
29690040
29690040
29690040
29690040
29690040
29690040
29690040
