24262260
24262260
24262260
24262260
24262260
24292185
24292185
24292185
24292185
24292755
24292755
24292755
24292755
24292755
24292755
24292755
24292755
24292755
24292755
24292755
24292755
24292755
24292755
24292755
24292755
24292755
24292755
24292755
24292755
24292755
24292755
24292755
24292755
24292755
24292755
24292755
24292755
24292755
24292755
24292755
24292755
24292755
24292755
24292755
24292755
24292755
24292755
24500570
24500570
24560420
24560420
24573245
24573245
24573245
24573245
24573245
24573245
24573245
24573245
24573245
24584075
24584075
24584075
24596900
24596900
24596900
24596900
24596900
24596900
24596900
24667565
24667565
25040790
25040790
25087815
25087815
25092090
25092090
25301155
25301155
25512080
25512080
25512080
25512080
25784460
25801560
25801560
25801560
25801560
25801560
25902165
25902165
25910715
25910715
25910715
25910715
25910715
25910715
25910715
25910715
25910715
25910715
25994195
26002175
26002175
26002175
26002175
26002175
26002175
26002175
26002175
26002175
26002175
26002175
26002175
26002175
26002175
26002175
26002175
26002175
26002175
26002175
26002175
26002175
26002175
26002175
26002175
26002175
26107135
26107135
26312495
26312495
26430200
26430200
26530805
26530805
26530805
26530805
26530805
26530805
26530805
26530805
26530805
26530805
26530805
26656910
26704790
26704790
26704790
26728730
26728730
26728730
26728730
26728730
26728730
26831900
26831900
26857550
26857550
26857550
26857550
26857550
26857550
26857550
26857550
26857550
26857550
26857550
26857550
26857550
26857550
26857550
26857550
26857550
26857550
26857550
26857550
26857550
26857550
26857550
26857550
26857550
26857550
26857550
26857550
26857550
26857550
26857550
26857550
26857550
26857550
26857550
26857550
26857550
26857550
26857550
26857550
26857550
26857550
26857550
26857550
26857550
26857550
26857550
26857550
26857550
26857550
26857550
26857550
26857550
26857550
26857550
26857550
26857550
26857550
26857550
26857550
26857550
26857550
26857550
26857550
26857550
26857550
26857550
26857550
26857550
26857550
26857550
26857550
26857550
26857550
26857550
26857550
26857550
26857550
26857550
26857550
26857550
26857550
26857550
26857550
26857550
26857550
26857550
27126320
27126320
27126320
27126320
27126320
27291905
27291905
27291905
27291905
27291905
27291905
27294025
27294025
27294025
27294025
27294025
27294025
27431750
27431750
27485615
27485615
27485615
27485615
27485615
27485615
27485615
27485615
27485615
27485615
27485615
27485615
27485615
27485615
27485615
27485615
27485615
27485615
27485615
27575690
27575690
27797010
27797010
27797010
27797010
27797010
27797010
27797010
27797010
27797010
27797010
27797010
27797010
27797010
27797010
27797010
27797010
27797010
27797010
27797010
27797010
27797010
27797010
27797010
27797010
27797010
27797010
27797010
27797010
27797010
27925555
27925555
27925555
27925555
27925555
27925555
27925555
27925555
27925555
27925555
27925555
27925555
27925555
27925555
27925555
27925555
27925555
27925555
27925555
27925555
27925555
27925555
27925555
27925555
27925555
27925555
27925555
27925555
27925555
28004875
28004875
28004875
28004875
28004875
28130420
28130420
28130420
28130420
28130420
28235300
28235300
28300595
28300595
28300595
28415450
28415450
28415450
28415450
28533155
28533155
28533155
28533155
28533155
28754475
28788675
28788675
28788675
28788675
28788675
28788675
28788675
28788675
28788675
28788675
28788675
28788675
28788675
28788675
28788675
28788675
28788675
28788675
28788675
28788675
28788675
28788675
28788675
28788675
28788675
28788675
28788675
28788675
28980155
28980155
28980155
29465580
29465580
29465580
29465580
29465580
29465580
29465580
29465580
29465580
29465580
29588115
29588115
29622315
29622315
29961340
29961340
29961340
29961340
30116605
30116605
30156505
30156505
30156505
30156505
30312925
30317200
30317200
30325750
30325750
30325750
30333655
30333655
30499115
30499115
30499115
30499115
30499115
30517840
30517840
30517840
30517840
30517840
30517840
30517840
30517840
30566735
30877835
30877835
30877835
30877835
31042535
31042535
31042535
31263855
31263855
31263855
31263855
31263855
31263855
31263855
31263855
31263855
31263855
31263855
31263855
31263855
31263855
31263855
31263855
31263855
31263855
31263855
31322935
31322935
31657685
31657685
31657685
31661960
31661960
31883280
31883280
32104600
32104600
32443625
32443625
32664945
32664945
32664945
32664945
32664945
32664945
32664945
32664945
32664945
32664945
32664945
32664945
32664945
32781510
32781510
32781510
32781510
32781510
32781510
32781510
32781510
32781510
32781510
32781510
32781510
32781510
32781510
32803645
32803645
32803645
32803645
32803645
33059845
33059845
33374930
33374930
33374930
33374930
33374930
33374930
33374930
33374930
33374930
33374930
33374930
33374930
33374930
33374930
33374930
33374930
33374930
33374930
33374930
33374930
33374930
33374930
33374930
33374930
33374930
33374930
33374930
33374930
33374930
33777825
33777825
33777825
33777825
33777825
33777825
33777825
33777825
33777825
33777825
33777825
33777825
33777825
33777825
33777825
33777825
33777825
33777825
33777825
33777825
33777825
33777825
33777825
33777825
33777825
33777825
33777825
33777825
33777825
33777825
33777825
33777825
33777825
33777825
33777825
33777825
33777825
33777825
33777825
33777825
34013925
34013925
34013925
34013925
34013925
34013925
34013925
34088845
34088845
34088845
34088845
34088845
34088845
34088845
34088845
34088845
34088845
34088845
34088845
34088845
34088845
34088845
34088845
34088845
34088845
34088845
34088845
34088845
34088845
34088845
34088845
34088845
34088845
34088845
34088845
34088845
34088845
34088845
34088845
34088845
34088845
34088845
34088845
34088845
34088845
34088845
34088845
34088845
34088845
34088845
34088845
34088845
34088845
34088845
34088845
34088845
34088845
34088845
34088845
34088845
34088845
34088845
34088845
34088845
34088845
34088845
34088845
34088845
34088845
34088845
34088845
34088845
34088845
34088845
34088845
34088845
34195500
34195500
34195500
34195500
34534525
34534525
34534525
34534525
34534525
34534525
34534525
34534525
34534525
34534525
34534525
34534525
34534525
34534525
34534525
34534525
34534525
34534525
34534525
34534525
34534525
34534525
34534525
34534525
34534525
34534525
34534525
34534525
34534525
34534525
34534525
34534525
34534525
34534525
34534525
34534525
34534525
34534525
34534525
34534525
34534525
34534525
34534525
34534525
34534525
34534525
34534525
34534525
34534525
34534525
34534525
34534525
34674315
34674315
34674315
34674315
34674315
34674315
34674315
34674315
34674315
34674315
34674315
34674315
34674315
34785835
34785835
34785835
34829665
34829665
34829665
34829665
34829665
35168690
35168690
35390010
35390010
35390010
35390010
35390010
35390010
35390010
35390010
35390010
35390010
35390010
35390010
35390010
35390010
35390010
35390010
35390010
35390010
35390010
35390010
35390010
35390010
35390010
35390010
35390010
35390010
35390010
35390010
35390010
35390010
35390010
35390010
35390010
35390010
35390010
35390010
35390010
35390010
35390010
35390010
35390010
35390010
35390010
35390010
35390010
35390010
35390010
35390010
35390010
35390010
35390010
35390010
35390010
35390010
35390010
35390010
35390010
35390010
35390010
35390010
35390010
35390010
35390010
35390010
35390010
35390010
35390010
35390010
35390010
35390010
35390010
35390010
35402405
35402405
35741430
35741430
35741430
35741430
35741430
35741430
35741430
35741430
35741430
35741430
35741430
35741430
35741430
35741430
35741430
35741430
35741430
35791170
35846070
35864370
35864370
35864370
35864370
35864370
35864370
35864370
35864370
35864370
35864370
35864370
35864370
35864370
35864370
35864370
35864370
35864370
35864370
35864370
35864370
35864370
35864370
35864370
35864370
35864370
35864370
35864370
35864370
35864370
35864370
35864370
35864370
35864370
35864370
35864370
35864370
35864370
35864370
35864370
35864370
35864370
35864370
35864370
35864370
35864370
35864370
35864370
35864370
35864370
35864370
35864370
35864370
35864370
35864370
35864370
35864370
35864370
35864370
35864370
35864370
35864370
35864370
35864370
35864370
35864370
35864370
35864370
35864370
35864370
35864370
35864370
35864370
35864370
35864370
35864370
35864370
35864370
35864370
35864370
35864370
35864370
35864370
35864370
35864370
35864370
35864370
35864370
35864370
35864370
35864370
35864370
35864370
35864370
35864370
35864370
35864370
35864370
35864370
35864370
35864370
35864370
35864370
35864370
35864370
35864370
35864370
35864370
35864370
35864370
35864370
35864370
35864370
35864370
35864370
35864370
35864370
35864370
35864370
35864370
35864370
35864370
35864370
35864370
35864370
35864370
35864370
35864370
35864370
35864370
35864370
35864370
35864370
35864370
35864370
35864370
35864370
35864370
35864370
35864370
35864370
35864370
35864370
35864370
35864370
35864370
35864370
35864370
35864370
35864370
35864370
35864370
35864370
35864370
35864370
35864370
35864370
35864370
35864370
35864370
35864370
35864370
35864370
35864370
35864370
35864370
35864370
35864370
35864370
35864370
35864370
35864370
35864370
35864370
35864370
35864370
35864370
35864370
35864370
35864370
35864370
35864370
35864370
35864370
35864370
35864370
35864370
35864370
35864370
35864370
35864370
35864370
35864370
35864370
35864370
35864370
35864370
35864370
35864370
35864370
35864370
35864370
35864370
35864370
35864370
35864370
35864370
35864370
35864370
35864370
35864370
35864370
35864370
35864370
35864370
35864370
35864370
35864370
35864370
35864370
35864370
35864370
35864370
35864370
35864370
35864370
35864370
35864370
35864370
35864370
35864370
35864370
35864370
35864370
35864370
35864370
35864370
35864370
35864370
35864370
35864370
35864370
35864370
35864370
35864370
35864370
35864370
35864370
35864370
35864370
35864370
35864370
35864370
35864370
35864370
35864370
35864370
35864370
35864370
35864370
35864370
35864370
35864370
35864370
35864370
35864370
35864370
35864370
35864370
35864370
35864370
35864370
35864370
35864370
35864370
35864370
35864370
35864370
35864370
35864370
35864370
35864370
35864370
35864370
35864370
35864370
35864370
35864370
35864370
35864370
35864370
35864370
35864370
35864370
35864370
35864370
35864370
35864370
35864370
35864370
35864370
35864370
35864370
35864370
35864370
35864370
35864370
35864370
35864370
35864370
35864370
35864370
35864370
35864370
35864370
35864370
35864370
35864370
35864370
35864370
35864370
35864370
35864370
35864370
35864370
35864370
35864370
35864370
35864370
35864370
35864370
35864370
35864370
35864370
35864370
35864370
35864370
35864370
35864370
35864370
35864370
35864370
35864370
35864370
35864370
35864370
35864370
35864370
35864370
35864370
35864370
35864370
35864370
35864370
35864370
35864370
35864370
35864370
35864370
35864370
35864370
35864370
35864370
35864370
35864370
35864370
35864370
35864370
35864370
35864370
35864370
35864370
35864370
35864370
35864370
35864370
35864370
35864370
35864370
35864370
35864370
35864370
35864370
35864370
35864370
35864370
35864370
35864370
35864370
35864370
35864370
35864370
35864370
35864370
35864370
35864370
35864370
35864370
35864370
35864370
35864370
35864370
35864370
35864370
35864370
35864370
35864370
35864370
35864370
35864370
35864370
35864370
35864370
35864370
35864370
35864370
35864370
35864370
35864370
35864370
35864370
35864370
35864370
35864370
35864370
35864370
35864370
35864370
35864370
35864370
35864370
35864370
35864370
35864370
35864370
35864370
35864370
35864370
35864370
35864370
35864370
35864370
35864370
35864370
35864370
35864370
35864370
35864370
35864370
35864370
35864370
35864370
35864370
35864370
35864370
35864370
35864370
35864370
35864370
35864370
35864370
35864370
35864370
35864370
35864370
35864370
35864370
35864370
35864370
35864370
35864370
35864370
35864370
35864370
35864370
35864370
35864370
35864370
35864370
35864370
35864370
35864370
35864370
35864370
35864370
35864370
35864370
35864370
35864370
35864370
35864370
35864370
35864370
35864370
35864370
35864370
35864370
35864370
35864370
35864370
35864370
35864370
35864370
35864370
35864370
35864370
35864370
35864370
35864370
35864370
35864370
35864370
35864370
35864370
35864370
35864370
35864370
35864370
35864370
35864370
35864370
35864370
35864370
35864370
35864370
35864370
35864370
35864370
35864370
35864370
35864370
35864370
35864370
35864370
35864370
35864370
35864370
35864370
35864370
35864370
35864370
35864370
35864370
35864370
35864370
35864370
35864370
35864370
35864370
35864370
35864370
35864370
35864370
35864370
35864370
35864370
35864370
35864370
35864370
35864370
35864370
35864370
35864370
35864370
35864370
35864370
35864370
35864370
35864370
35864370
35864370
35864370
35864370
35864370
36343330
36343330
36637850
36637850
36637850
36637850
36637850
36637850
36637850
36637850
36850095
36850095
36850095
36850095
37075045
37075045
37075045
37075045
37075045
37075045
37075045
37213970
37213970
37213970
37213970
37213970
37213970
37213970
37213970
37213970
37213970
37213970
37213970
37213970
37213970
37213970
37213970
37213970
37213970
37213970
37213970
37213970
37213970
37213970
37213970
37213970
37213970
37213970
37213970
37213970
37213970
37213970
37213970
37213970
37213970
37213970
37213970
37213970
37213970
37213970
37213970
37213970
37213970
37213970
37213970
37213970
37213970
37213970
37213970
37213970
37213970
37213970
37213970
37213970
37213970
37213970
37213970
37213970
37213970
37213970
37213970
37213970
37213970
37213970
37213970
37213970
37213970
37213970
37213970
37213970
37213970
37213970
37213970
37213970
37213970
37213970
37213970
37213970
37213970
37213970
37213970
37213970
37213970
37213970
37213970
37213970
37213970
37213970
37213970
37213970
37213970
37213970
37213970
37213970
37213970
37213970
37213970
37213970
37213970
37213970
37213970
37213970
37213970
37213970
37213970
37213970
37213970
37213970
37213970
37213970
37213970
37213970
37213970
37213970
37213970
37213970
37213970
37213970
37213970
37213970
37213970
37213970
37213970
37213970
37213970
37213970
37213970
37213970
37213970
37213970
37213970
37213970
37213970
37213970
37213970
37213970
37213970
37213970
37213970
37213970
37213970
37213970
37213970
37213970
37213970
37213970
37213970
37213970
37213970
37213970
37213970
37213970
37213970
37213970
37213970
37213970
37213970
37213970
37213970
37213970
37213970
37213970
37213970
37213970
37213970
37213970
37213970
37213970
37213970
37213970
37213970
37213970
37213970
37213970
37213970
37213970
37213970
37213970
37213970
37213970
37213970
37213970
37213970
37213970
37213970
37213970
37213970
37213970
37213970
37213970
37213970
37213970
37213970
37213970
37213970
37213970
37213970
37213970
37213970
37213970
37213970
37213970
37213970
37213970
37213970
37213970
37213970
37213970
37213970
37213970
37213970
37213970
37213970
37213970
37213970
37213970
37213970
37213970
37213970
37213970
37213970
37213970
37213970
37213970
37213970
37213970
37213970
37213970
37213970
37213970
37213970
37213970
37213970
37213970
37213970
37213970
37213970
37213970
37213970
37213970
37213970
37213970
37213970
37213970
37213970
37213970
37213970
37213970
37213970
37213970
37213970
37213970
37213970
37213970
37213970
37213970
37213970
37213970
37213970
37213970
37213970
37213970
37213970
37213970
37213970
37213970
37213970
37213970
37213970
37213970
37213970
37213970
37213970
37213970
37213970
37213970
37213970
37213970
37213970
37213970
37213970
37213970
37213970
37213970
37213970
37213970
37213970
37213970
37213970
37213970
37213970
37213970
37213970
37213970
37213970
37213970
37213970
37213970
37213970
37213970
37213970
37213970
37213970
37213970
37213970
37213970
37213970
37213970
37213970
37213970
37213970
37213970
37213970
37213970
37213970
37213970
37213970
37213970
37213970
37213970
37213970
37213970
37213970
37213970
37213970
37213970
37213970
37213970
37213970
37213970
37213970
37213970
37213970
37213970
37213970
37213970
37213970
37213970
37213970
37213970
37213970
37213970
37213970
37213970
37213970
37213970
37213970
37213970
37213970
37213970
37213970
37213970
37213970
37213970
37213970
37213970
37213970
37213970
37213970
37213970
37213970
37213970
37213970
37213970
37213970
37213970
37213970
37213970
37213970
37213970
37213970
37213970
37213970
37213970
37213970
37213970
37213970
37213970
37213970
37213970
37213970
37213970
37213970
37213970
37213970
37213970
37213970
37213970
37213970
37213970
37213970
37213970
37213970
37213970
37213970
37213970
37213970
37213970
37213970
37213970
37213970
37325600
37325600
37325600
37325600
37325600
37398800
37508600
37508600
37508600
37508600
37508600
37508600
37508600
37508600
37508600
37508600
37508600
37508600
37508600
37508600
37508600
37508600
37508600
37508600
37508600
37508600
37508600
37508600
37508600
37508600
37508600
37508600
37508600
37508600
37508600
37508600
37508600
37512040
37713340
37713340
37713340
