24285900
24285900
24285900
24285900
24285900
24285900
24285900
24285900
24285900
24285900
24285900
24285900
24285900
24285900
24285900
24285900
24285900
24285900
24285900
24285900
24285900
24285900
24285900
24285900
24285900
24285900
24285900
24285900
24285900
24285900
24285900
24285900
24285900
24285900
24285900
24285900
24285900
24285900
24285900
24285900
24285900
24285900
24285900
24285900
24285900
24285900
24285900
24285900
24285900
24285900
24285900
24285900
24285900
24285900
24285900
24285900
24285900
24285900
24285900
24285900
24285900
24285900
24285900
24285900
24285900
24285900
24285900
24285900
24285900
24285900
24320120
24320120
24428705
24428705
24428705
24672255
24672255
25028380
25066855
25066855
25312115
25312115
25312115
25445370
25445370
25445370
25445370
25445370
25550250
25550250
25550250
25550250
25763590
25763590
25763590
25763590
25763590
25763590
25763590
25763590
25763590
25808495
25808495
25808495
26109045
26255445
26255445
26255445
26255445
26586490
26586490
26586490
26586490
26586490
26586490
26586490
26586490
26586490
26586490
26586490
26586490
26586490
26586490
26586490
26586490
26586490
26586490
26586490
26586490
26586490
26586490
26586490
26604220
26604220
26604220
26604220
26938985
26938985
26938985
26938985
26938985
26938985
26938985
26938985
26938985
26938985
26938985
26938985
26938985
26938985
26938985
26938985
26938985
26938985
26938985
26938985
26938985
26938985
26938985
26938985
26938985
26938985
26938985
26938985
26938985
26938985
26938985
26938985
26938985
26938985
26938985
26938985
26938985
26938985
26938985
26938985
26938985
26938985
26938985
26938985
26938985
26938985
26938985
26938985
26938985
26938985
26938985
26938985
26938985
26938985
26938985
26938985
26938985
26938985
26938985
26938985
26938985
26938985
26938985
26938985
26938985
26938985
26938985
26938985
26938985
26938985
26938985
26938985
26938985
26938985
26938985
26938985
26938985
26938985
26938985
26938985
26938985
26938985
26938985
26938985
26938985
26938985
26938985
26938985
26938985
26938985
26938985
26938985
26938985
26938985
26938985
26938985
26938985
26938985
26938985
26938985
26938985
26938985
26938985
26938985
26938985
26938985
26938985
26938985
26938985
26938985
26938985
26938985
26938985
26938985
26938985
27208680
27373380
27373380
27377655
27377655
27377655
27377655
27377655
27377655
27377655
27377655
27377655
27377655
27377655
27377655
27377655
27377655
27377655
27377655
27377655
27377655
27465450
27465450
27465450
27465450
27465450
27465450
27465450
27465450
27465450
27652990
27652990
27992015
27992015
28085235
28085235
28085235
28085235
28257840
28257840
28257840
28257840
28738990
28786015
28786015
28786015
28938775
28938775
28938775
28938775
28938775
28938775
28938775
28938775
28938775
28938775
28938775
28938775
28938775
28938775
28938775
28938775
28938775
28938775
28938775
28938775
28938775
28938775
28938775
28938775
28938775
28995640
29050540
29050540
29050540
29050540
29050540
29050540
29050540
29050540
29050540
29050540
29050540
29050540
29050540
29050540
29050540
29050540
29050540
29050540
29050540
29050540
29050540
29050540
29050540
29050540
29050540
29050540
29050540
29050540
29050540
29050540
29050540
29050540
29050540
29050540
29050540
29050540
29050540
29050540
29050540
29050540
29050540
29050540
29050540
29050540
29050540
29371920
29371920
29371920
29371920
29710945
29710945
29809270
29809270
29926975
29926975
30248900
30280820
30280820
30280820
30376595
30376595
30376595
30376595
30376595
30376595
30761780
30761780
30761780
30761780
30761780
30761780
30761780
30761780
30761780
30761780
30761780
30761780
30761780
30761780
30761780
30761780
30761780
30761780
30761780
30761780
30761780
30761780
30761780
30761780
30761780
30761780
30761780
30761780
30761780
30761780
30761780
30761780
30761780
30761780
30761780
30761780
30761780
30761780
30761780
30761780
30761780
30761780
30761780
30761780
30761780
30761780
30761780
30761780
30761780
30761780
30761780
30761780
30761780
30761780
30761780
30761780
30761780
30761780
30761780
30761780
30761780
30761780
30761780
30761780
30761780
30761780
30761780
30761780
30761780
30761780
30761780
30761780
30761780
30761780
30761780
30761780
30761780
30761780
30761780
30761780
30761780
30761780
30761780
30761780
30761780
30761780
30761780
30761780
30761780
30761780
30761780
30761780
30761780
30761780
30761780
30761780
30761780
30761780
30761780
30761780
30761780
30761780
30761780
30761780
30761780
30761780
30761780
30761780
30761780
30761780
30761780
30761780
30761780
30761780
30761780
30761780
30761780
30761780
30761780
30761780
30761780
30761780
30761780
30761780
30761780
30761780
30761780
30761780
30761780
30761780
30761780
30761780
30761780
30761780
30761780
30761780
30761780
30761780
30761780
30761780
30761780
30761780
30761780
30761780
30761780
30761780
30761780
30761780
30761780
30761780
30761780
30761780
30761780
30761780
30761780
30761780
30761780
30761780
30761780
30761780
30761780
30761780
30761780
30761780
30761780
30761780
30761780
30761780
30761780
30761780
30761780
30761780
30761780
30761780
30761780
30761780
30761780
30761780
30761780
30761780
30761780
30761780
30761780
30761780
30761780
30761780
30761780
30761780
30761780
30761780
30761780
30761780
30761780
30761780
30761780
30761780
30761780
30761780
30761780
30761780
30761780
30761780
30761780
30761780
30761780
30761780
30761780
30761780
30761780
30761780
30761780
30761780
30761780
30761780
30761780
30761780
30761780
30761780
30761780
30761780
30761780
30761780
30761780
30761780
30761780
30761780
30761780
30761780
30761780
30761780
30761780
30761780
30761780
30761780
30761780
30761780
30761780
30761780
30761780
30761780
30761780
30761780
30761780
30761780
30761780
30761780
30761780
30761780
30761780
30761780
30761780
30761780
30761780
30761780
30761780
30761780
30761780
30761780
30761780
30761780
30761780
30761780
30761780
30761780
30761780
30761780
30761780
30761780
30761780
30761780
30761780
30761780
30761780
30761780
30761780
30761780
30761780
30761780
30761780
30761780
30761780
30761780
30761780
30761780
30761780
30761780
30761780
30761780
30761780
30761780
30761780
30761780
30761780
30761780
30761780
30761780
30761780
30761780
30761780
30761780
30761780
30761780
30761780
30761780
30761780
30761780
30761780
30761780
30761780
30761780
30761780
30761780
30761780
30761780
30761780
30761780
30761780
30761780
30761780
30761780
30761780
30761780
30761780
30761780
30761780
30761780
30761780
30761780
30761780
30761780
30761780
30761780
30761780
30761780
30761780
30761780
30761780
30761780
30761780
30761780
30761780
30761780
30761780
30761780
30761780
30761780
30761780
30761780
30761780
30761780
30761780
30761780
30761780
30761780
30761780
30761780
30761780
30761780
30761780
30761780
30761780
30761780
30761780
30761780
30761780
30761780
30761780
30761780
30761780
30761780
30761780
30761780
30761780
30761780
30761780
30761780
30761780
30761780
30761780
30761780
30761780
30761780
30761780
30761780
30761780
30761780
30761780
30761780
30761780
30761780
30761780
30761780
30761780
30761780
30761780
30761780
30761780
30761780
30761780
30761780
30761780
30761780
30761780
30761780
30761780
30761780
30761780
30761780
30761780
30761780
30761780
30761780
30761780
30761780
30761780
30761780
30761780
30761780
30761780
30761780
30761780
30761780
30761780
30761780
30761780
30761780
30761780
30761780
30761780
30761780
30761780
30761780
30761780
30761780
30761780
30761780
30761780
30761780
30761780
30761780
30761780
30761780
30761780
30761780
30761780
30761780
30761780
30761780
30761780
30761780
30761780
30761780
30761780
30761780
30761780
30761780
30761780
30761780
30761780
30761780
30761780
30761780
30761780
30761780
30761780
30761780
30761780
30761780
30761780
30761780
30761780
30761780
30761780
30761780
30761780
30761780
30761780
30761780
30761780
30761780
30761780
30761780
30761780
30761780
30761780
30761780
30761780
30761780
30761780
30761780
30761780
30761780
30761780
30761780
30761780
30761780
30761780
30761780
30761780
30761780
30761780
30761780
30761780
30761780
30761780
30761780
30761780
30761780
30761780
30761780
30761780
30761780
30761780
30761780
30761780
30761780
30761780
30761780
30761780
30761780
30761780
30761780
30761780
30761780
30761780
30761780
30761780
30761780
30761780
30761780
30761780
30761780
30761780
30761780
30761780
30761780
30761780
30761780
30761780
30761780
30761780
30761780
30761780
30761780
30761780
30761780
30761780
30761780
30761780
30761780
30761780
30761780
30761780
30761780
30761780
30761780
30761780
30761780
30761780
30761780
30761780
30761780
30761780
30761780
30761780
30761780
30761780
30761780
30761780
30761780
30761780
30761780
30761780
30761780
30761780
30761780
30761780
30761780
30761780
30761780
30761780
30761780
30761780
30761780
30761780
30761780
30761780
30761780
30761780
30761780
30761780
30761780
30761780
30761780
30761780
30761780
30761780
30761780
30761780
30761780
30761780
30761780
30761780
30761780
30761780
30761780
30761780
30761780
30761780
30761780
30761780
30761780
30761780
30761780
30761780
30761780
30761780
30761780
30761780
30761780
30761780
30761780
30761780
30761780
30761780
30761780
30761780
30761780
30761780
30761780
30761780
30761780
30761780
30761780
30761780
30761780
30761780
30761780
30761780
30761780
30761780
30761780
30761780
30761780
30761780
30761780
30761780
30761780
30761780
30761780
30761780
30761780
30761780
30761780
30761780
30761780
30761780
30761780
30761780
30761780
30761780
30761780
30761780
30761780
30761780
30761780
30761780
30761780
30761780
30761780
30761780
30761780
30761780
30761780
30761780
30761780
30761780
30761780
30761780
30761780
30761780
30761780
30761780
30761780
30761780
30761780
30761780
30761780
30761780
30761780
30761780
30761780
30761780
30761780
30761780
30761780
30761780
30761780
30761780
30761780
30761780
30761780
30761780
30761780
30761780
30761780
30761780
30761780
30761780
30761780
30761780
30761780
30761780
30761780
30761780
30761780
30761780
30761780
30761780
30761780
30761780
30761780
30761780
30761780
30761780
30761780
30761780
30761780
30761780
30761780
30761780
30761780
30761780
30761780
30761780
30761780
30761780
30761780
30761780
30761780
30761780
30761780
30761780
30761780
30761780
30761780
30761780
30761780
30761780
30761780
30761780
30761780
30761780
30761780
30761780
30761780
30761780
30761780
30761780
30761780
30761780
30761780
30761780
30761780
30761780
30761780
30761780
30761780
30761780
30761780
30761780
30761780
30761780
30761780
30761780
30761780
30761780
30761780
30761780
30761780
30761780
30761780
30761780
30761780
30761780
30761780
30761780
30761780
30761780
30761780
30761780
30761780
30761780
30761780
30761780
30761780
30761780
30761780
30761780
30761780
30761780
30761780
30761780
30761780
30761780
30761780
30761780
30761780
30761780
30761780
30761780
30761780
30761780
30761780
30761780
30761780
30761780
30761780
30761780
30761780
30761780
30761780
30761780
30761780
30761780
30761780
30761780
30761780
30761780
30761780
30761780
30761780
30761780
30761780
30761780
30761780
30761780
30761780
30761780
30761780
30761780
30761780
30761780
30761780
30761780
30761780
30761780
30761780
30761780
30761780
30761780
30761780
30761780
30761780
30761780
30761780
30761780
30761780
30761780
30761780
30761780
30761780
30761780
30761780
30761780
30761780
30761780
30761780
30761780
30761780
30761780
30761780
30761780
30761780
30761780
30761780
30761780
30761780
30761780
30761780
30761780
30761780
30761780
30761780
30761780
30761780
30761780
30761780
30761780
30761780
30761780
30761780
30761780
30761780
30761780
30761780
30761780
30761780
30761780
30761780
30761780
30761780
30761780
30761780
30761780
30761780
30761780
30761780
30761780
30761780
30761780
30761780
30761780
30761780
30761780
30761780
30761780
30761780
30761780
30761780
30761780
30761780
30761780
30761780
30761780
30761780
30761780
30761780
30761780
30761780
30761780
30761780
30761780
30761780
30761780
30761780
30761780
30761780
30761780
30761780
30761780
30761780
30761780
30761780
30761780
30761780
30761780
30761780
30761780
30761780
30761780
30761780
30761780
30761780
30761780
30761780
30761780
30761780
30761780
30761780
30761780
30761780
30761780
30761780
30761780
30761780
30761780
30761780
30761780
30761780
30761780
30761780
30761780
30761780
30761780
30761780
30761780
30761780
30761780
30761780
30761780
30761780
30761780
30761780
30761780
30761780
30761780
30761780
30761780
30761780
30761780
30761780
30761780
30761780
30761780
30761780
30761780
30761780
30761780
30761780
30761780
30761780
30761780
30761780
30761780
30761780
30761780
30761780
30761780
30761780
30761780
30761780
30761780
30761780
30761780
30761780
30761780
30761780
30761780
30761780
30761780
30761780
30761780
30761780
30761780
30761780
30761780
30761780
30761780
30761780
30761780
30761780
30761780
30761780
30761780
30761780
30761780
30761780
30761780
30761780
30761780
30761780
30761780
30761780
30761780
30761780
30761780
30761780
30761780
30761780
30761780
30761780
30761780
30761780
30761780
30761780
30761780
30761780
30761780
30761780
30761780
30761780
30761780
30761780
30761780
30761780
30761780
30761780
30761780
30761780
30761780
30761780
30761780
30761780
30761780
30761780
30761780
30761780
30761780
30761780
30761780
30761780
30761780
30761780
30761780
30761780
30761780
30761780
30761780
30761780
30761780
30761780
30761780
30761780
30761780
30761780
30761780
30761780
30761780
30761780
30761780
30761780
30761780
30761780
30761780
30761780
30761780
30761780
30761780
30761780
30761780
30761780
30761780
30761780
30761780
30761780
30761780
30761780
30761780
30761780
30761780
30761780
30761780
30761780
30761780
30761780
30761780
30761780
30761780
30761780
30761780
30761780
30761780
30761780
30761780
30761780
30761780
30761780
30761780
30761780
30761780
30761780
30761780
30761780
30761780
30761780
30761780
30761780
30761780
30761780
30761780
30761780
30761780
30761780
30761780
30761780
30761780
30761780
30761780
30761780
30761780
30761780
30761780
30761780
30761780
30761780
30761780
30761780
30761780
30761780
30761780
30761780
30761780
30761780
30761780
30761780
30761780
30761780
30761780
30761780
30761780
30761780
30761780
30761780
30761780
30761780
30761780
30761780
30761780
30761780
30761780
30761780
30761780
30761780
30761780
30761780
30761780
30761780
30761780
30761780
30761780
30761780
30761780
30761780
30761780
30761780
30761780
30761780
30761780
30761780
30761780
30761780
30761780
30761780
30761780
30761780
30761780
30761780
30761780
30761780
30761780
30761780
30761780
30761780
30761780
30761780
30761780
30761780
30761780
30761780
30761780
30761780
30761780
30761780
30761780
30761780
30761780
30761780
30761780
30761780
30761780
30761780
30761780
30761780
30761780
30761780
30761780
30761780
30761780
30761780
30761780
30761780
30761780
30761780
30761780
30761780
30761780
30761780
30761780
30761780
30761780
30761780
30761780
30761780
30761780
30761780
30761780
30761780
30761780
30761780
30761780
30761780
30761780
30761780
30761780
30761780
30761780
30761780
30761780
30761780
30761780
30761780
30761780
30761780
30761780
30761780
30761780
30761780
30761780
30761780
30761780
30761780
30761780
30761780
30761780
30761780
30761780
30761780
30761780
30761780
30761780
30761780
30761780
30761780
30761780
30761780
30761780
30761780
30761780
30761780
30761780
30761780
30761780
30761780
30761780
30761780
30761780
30761780
30761780
30761780
30761780
30761780
30761780
30761780
30761780
30761780
30761780
30761780
30761780
30761780
30761780
30761780
30761780
30761780
30761780
30761780
30761780
30761780
30761780
30761780
30761780
30761780
30761780
30761780
30761780
30761780
30761780
30761780
30761780
30761780
30761780
30761780
30761780
30761780
30761780
30761780
30761780
30761780
30761780
30761780
30761780
30761780
30761780
30761780
30761780
30761780
30761780
30761780
30761780
30761780
30761780
30761780
30761780
30761780
30761780
30761780
30761780
30761780
30761780
30761780
30761780
30761780
30761780
30761780
30761780
30761780
30761780
30761780
30761780
30761780
30761780
30761780
30761780
30761780
30761780
30761780
30761780
30761780
30761780
30761780
30761780
30761780
30761780
30761780
30761780
30761780
30761780
30761780
30761780
30761780
30761780
30761780
30761780
30761780
30761780
30761780
30761780
30761780
30761780
30761780
30761780
30761780
30761780
30761780
30761780
30761780
30761780
30761780
30761780
30761780
30761780
30761780
30761780
30761780
30761780
30761780
30761780
30761780
30761780
30761780
30761780
30761780
30761780
30761780
30761780
30761780
30761780
30761780
30761780
30761780
30761780
30761780
30761780
30761780
30761780
30761780
30761780
30761780
30761780
30761780
30761780
30761780
30761780
30761780
30761780
30761780
30761780
30761780
30761780
30761780
30761780
30761780
30761780
30761780
30761780
30761780
30761780
30761780
30761780
30761780
30761780
30761780
30761780
30761780
30761780
30761780
30761780
30761780
30761780
30761780
30761780
30761780
30761780
30761780
30761780
30761780
30761780
30761780
30761780
30761780
30761780
30761780
30761780
30761780
