23776245
23797620
23797620
23797620
23797620
23797620
23797620
23797620
23797620
23797620
23797620
23797620
23797620
23797620
23797620
23797620
23797620
23797620
23797620
23797620
23797620
23797620
23797620
23797620
23797620
23797620
23797620
23805440
23805440
23805440
23805440
23805440
24140190
24165840
24165840
24165840
24165840
24165840
24165840
24165840
24315055
24315055
24319330
24319330
24319330
24618680
24618680
24957705
24974805
24974805
24974805
24987630
24991905
25030380
25030380
25030380
25257525
25257525
25257525
25257525
25257525
25257525
25257525
25257525
25257525
25257525
25257525
25257525
25257525
25257525
25257525
25257525
25257525
25257525
25257525
25257525
25257525
25257525
25257525
25257525
25257525
25257525
25257525
25257525
25257525
25257525
25257525
25257525
25257525
25257525
25257525
25257525
25257525
25257525
25257525
25257525
25257525
25257525
25257525
25257525
25257525
25257525
25257525
25257525
25257525
25257525
25257525
25257525
25257525
25257525
25257525
25674165
25674165
25674165
25791870
25871670
25871670
25871670
26089980
26089980
26089980
26089980
26307025
26307025
26411780
26459660
26459660
26459660
26459660
26505485
26505485
26547505
26547505
26675605
26675605
26675605
26675605
26711465
26711465
26711465
26711465
26711465
26711465
26711465
26711465
26711465
26711465
26711465
26711465
26711465
26711465
26711465
26711465
26711465
26711465
26711465
26711465
26711465
26711465
26711465
26711465
26711465
26711465
26711465
26711465
26711465
26711465
26711465
26711465
26711465
26711465
26711465
26711465
26711465
26711465
26711465
26711465
26711465
26711465
26711465
26711465
26711465
26711465
26711465
26711465
26711465
26711465
26711465
26711465
26711465
26711465
26711465
26711465
26711465
26711465
26711465
26711465
26711465
26711465
26711465
26711465
26711465
26711465
26711465
26711465
26711465
26711465
26711465
26711465
26711465
26711465
26711465
26711465
26711465
26711465
26711465
26711465
26711465
26711465
26711465
26711465
26711465
26711465
26711465
26711465
26711465
26711465
26711465
26711465
26711465
26711465
26711465
26711465
26711465
26711465
26711465
26711465
26711465
26711465
26711465
26711465
26711465
26711465
26711465
26711465
26711465
26711465
26711465
26711465
26711465
26711465
26711465
26711465
26711465
26711465
26711465
26711465
26711465
26711465
26711465
26711465
26711465
26711465
26711465
26711465
26711465
26711465
26711465
26711465
26711465
26711465
26711465
26711465
26711465
26711465
26711465
26711465
26711465
26711465
26711465
26711465
26711465
26711465
26711465
26711465
26711465
26711465
26711465
26711465
26711465
26711465
26711465
26711465
26711465
26711465
26711465
26711465
26711465
26711465
26711465
26711465
26711465
26711465
26711465
26711465
26711465
26711465
26711465
26711465
26711465
26711465
26711465
26711465
26711465
26711465
26711465
26711465
26711465
26711465
26711465
26711465
26711465
26711465
26711465
26711465
26711465
26711465
26711465
26711465
26711465
26711465
26711465
26711465
26711465
26711465
26711465
26711465
26711465
26711465
26711465
26711465
26711465
26711465
26711465
26711465
26711465
26711465
26711465
26711465
26711465
26711465
26711465
26711465
26711465
26711465
26711465
26711465
26711465
26711465
26711465
26711465
26711465
26711465
26711465
26711465
26711465
26711465
26711465
26711465
26711465
26711465
26711465
26711465
26711465
26711465
26711465
26711465
26711465
26711465
26711465
26711465
26711465
26711465
26711465
26711465
26711465
26711465
26711465
26711465
26711465
26711465
26711465
26711465
26711465
26711465
26711465
26711465
26711465
26711465
26711465
26711465
26711465
26711465
26711465
26711465
26711465
26711465
26711465
26711465
26711465
26711465
26711465
26711465
26711465
26711465
26711465
26711465
26711465
26711465
26711465
26711465
26711465
26711465
26711465
26711465
26711465
26711465
26711465
26711465
26711465
26711465
26711465
26711465
26711465
26711465
26711465
26711465
26711465
26711465
26711465
26711465
26711465
26711465
26711465
26711465
26711465
26711465
26711465
26711465
26711465
26711465
26711465
26711465
26711465
26711465
26711465
26711465
26711465
26711465
26711465
26711465
26711465
26711465
26711465
26711465
26711465
26711465
26711465
26711465
26711465
26711465
26711465
26711465
26711465
26711465
26711465
26711465
26711465
26711465
26711465
26711465
26711465
26711465
26711465
26711465
26711465
26711465
26711465
26711465
26711465
26711465
26711465
26711465
26711465
26711465
26711465
26711465
26711465
26711465
26711465
26711465
26711465
26711465
26711465
26711465
26711465
26711465
26711465
26711465
26711465
26711465
26711465
26711465
26711465
26711465
26711465
26711465
26711465
26711465
26711465
26711465
26711465
26711465
26711465
26711465
26711465
26711465
26711465
26711465
26711465
26711465
26711465
26711465
26711465
26711465
26711465
26711465
26711465
26711465
26711465
26711465
26711465
26711465
26711465
26711465
26711465
26711465
26711465
26711465
26711465
26711465
26711465
26711465
26711465
26711465
26711465
26711465
26711465
26711465
26711465
26711465
26711465
26711465
26711465
26711465
26711465
26711465
26711465
26711465
26711465
26711465
26711465
26711465
26711465
26711465
26711465
26711465
26711465
26711465
26711465
26711465
26711465
26711465
26711465
26711465
26711465
26711465
26711465
26711465
26711465
26711465
26711465
26711465
26711465
26711465
26711465
26711465
26711465
26711465
26711465
26711465
26711465
26711465
26711465
26711465
26711465
26711465
26711465
26711465
26711465
26711465
26711465
26711465
26711465
26711465
26711465
26711465
26711465
26711465
26711465
26711465
26711465
26711465
26711465
26711465
26711465
26711465
26711465
26711465
26711465
26711465
26711465
26711465
26711465
26711465
26711465
26711465
26711465
26711465
26711465
26711465
26711465
26711465
26711465
26711465
26711465
26711465
26711465
26711465
26711465
26711465
26711465
26711465
26711465
26711465
26711465
26711465
26711465
26711465
26711465
26711465
26711465
26711465
26711465
26711465
26711465
26711465
26711465
26711465
26711465
26711465
26711465
26711465
26711465
26711465
26711465
26711465
26711465
26711465
26711465
26711465
26711465
26711465
26711465
26711465
26711465
26711465
26711465
26711465
26711465
26711465
26711465
26711465
26711465
26711465
26711465
26711465
26711465
26711465
26711465
26711465
26711465
26711465
26711465
26711465
26711465
26711465
26711465
26711465
26711465
26711465
26711465
26711465
26711465
26711465
26711465
26711465
26711465
26711465
26711465
26711465
26711465
26711465
26711465
26711465
26711465
26711465
26711465
26711465
26711465
26711465
26711465
26711465
26711465
26711465
26711465
26711465
26711465
26711465
26711465
26711465
26711465
26711465
26711465
26711465
26711465
26711465
26711465
26711465
26711465
26711465
26711465
26711465
26711465
26711465
26711465
26711465
26711465
26711465
26711465
26711465
26711465
26711465
26711465
26711465
26711465
26711465
26711465
26711465
26711465
26711465
26711465
26711465
26711465
26711465
26711465
26711465
26711465
26768180
26768180
26768180
26925785
26925785
26925785
26925785
26925785
26925785
26925785
26925785
26925785
26925785
26925785
26925785
26925785
26925785
26925785
26925785
26925785
26925785
26925785
26925785
26925785
26925785
26925785
27099390
27099390
27099390
27099390
27099390
27099390
27099390
27099390
27099390
27099390
27099390
27099390
27099390
27099390
27099390
27099390
27099390
27099390
27099390
27099390
27099390
27099390
27099390
27099390
27099390
27099390
27099390
27099390
27099390
27099390
27168925
27168925
27168925
27168925
27168925
27168925
27168925
27168925
27168925
27168925
27168925
27168925
27168925
27168925
27168925
27168925
27168925
27168925
27168925
27168925
27168925
27168925
27168925
27168925
27168925
27168925
27168925
27168925
27168925
27168925
27168925
27168925
27168925
27168925
27168925
27168925
27168925
27168925
27168925
27168925
27168925
27168925
27168925
27168925
27168925
27168925
27168925
27168925
27168925
27168925
27168925
27168925
27168925
27168925
27168925
27168925
27168925
27168925
27168925
27168925
27168925
27168925
27168925
27168925
27168925
27168925
27168925
27168925
27168925
27168925
27168925
27168925
27168925
27168925
27168925
27168925
27168925
27168925
27168925
27168925
27168925
27168925
27168925
27168925
27168925
27168925
27168925
27168925
27168925
27168925
27168925
27168925
27168925
27168925
27168925
27168925
27168925
27168925
27168925
27168925
27168925
27168925
27168925
27168925
27168925
27168925
27168925
27168925
27168925
27168925
27168925
27168925
27168925
27168925
27168925
27168925
27168925
27168925
27168925
27168925
27168925
27168925
27168925
27168925
27168925
27168925
27168925
27168925
27168925
27168925
27168925
27168925
27168925
27168925
27168925
27168925
27168925
27168925
27168925
27168925
27168925
27168925
27168925
27168925
27168925
27168925
27168925
27168925
27168925
27168925
27168925
27168925
27168925
27168925
27168925
27168925
27168925
27168925
27168925
27168925
27168925
27168925
27168925
27168925
27168925
27168925
27168925
27168925
27168925
27168925
27168925
27168925
27168925
27168925
27168925
27168925
27168925
27168925
27168925
27168925
27168925
27168925
27168925
27168925
27168925
27168925
27198925
27198925
27198925
27198925
27737895
27737895
27737895
27737895
27737895
27824250
27824250
27824250
27824250
27824250
27824250
27824250
27824250
27824250
27824250
27824250
27824250
27824250
27824250
27824250
27824250
27824250
27824250
27824250
27824250
27824250
27824250
27824250
27824250
27824250
27824250
27824250
27824250
27824250
27824250
27824250
27824250
27824250
27824250
27824250
27824250
27824250
27824250
27824250
27824250
27824250
27824250
27824250
27824250
27824250
27824250
27824250
27824250
27824250
27824250
27824250
27824250
27824250
27824250
27824250
27824250
27824250
27824250
27824250
27824250
27824250
27824250
27824250
27824250
27824250
27824250
27824250
27824250
27824250
27824250
27824250
27824250
27824250
27824250
27824250
27824250
27824250
27824250
27824250
27824250
27824250
27824250
27824250
27824250
27824250
27824250
27824250
27824250
27824250
27824250
27824250
27824250
27824250
27824250
27824250
27824250
27824250
27824250
27824250
27824250
27824250
27836600
27836600
27984075
27984075
27984075
27984075
27984075
27984075
27984075
27984075
27984075
27984075
27984075
27984075
28019075
28019075
28019075
28019075
28019075
28019075
28019075
28019075
28019075
28019075
28019075
28019075
28019075
28019075
28019075
28019075
28019075
28019075
28019075
28019075
28019075
28019075
28019075
28019075
28019075
28019075
28019075
28019075
28019075
28019075
28019075
28019075
28019075
28019075
28019075
28019075
28019075
28019075
28019075
28019075
28019075
28019075
28019075
28019075
28019075
28019075
28019075
28019075
28019075
28019075
28019075
28019075
28019075
28019075
28019075
28019075
28019075
28019075
28019075
28019075
28019075
28019075
28019075
28019075
28019075
28019075
28019075
28019075
28019075
28019075
28019075
28019075
28019075
28019075
28019075
28019075
28019075
28019075
28019075
28019075
28019075
28019075
28019075
28019075
28019075
28019075
28019075
28019075
28019075
28019075
28019075
28019075
28019075
28019075
28019075
28019075
28019075
28019075
28019075
28019075
28019075
28019075
28019075
28019075
28019075
28019075
28019075
28019075
28019075
28019075
28019075
28019075
28019075
28019075
28019075
28019075
28019075
28019075
28019075
28019075
28019075
28019075
28019075
28019075
28019075
28019075
28019075
28019075
28019075
28019075
28019075
28019075
28019075
28019075
28019075
28019075
28019075
28019075
28019075
28019075
28019075
28019075
28019075
28019075
28019075
28019075
28019075
28019075
28019075
28019075
28019075
28019075
28019075
28019075
28019075
28019075
28019075
28019075
28019075
28019075
28019075
28019075
28019075
28019075
28019075
28019075
28019075
28019075
28019075
28019075
28117630
28117630
28117630
28117630
28117630
28117630
28117630
28117630
28117630
28117630
28117630
28117630
28117630
28117630
28117630
28117630
28117630
28117630
28117630
28117630
28117630
28117630
28117630
28117630
28117630
28117630
28117630
28117630
28117630
28117630
28117630
28117630
28117630
28117630
28117630
28117630
28117630
28117630
28117630
28117630
28117630
28117630
28117630
28117630
28117630
28117630
28117630
28117630
28117630
28117630
28117630
28117630
28117630
28117630
28117630
28117630
28117630
28117630
28117630
28117630
28117630
28117630
28117630
28117630
28117630
28117630
28117630
28117630
28117630
28117630
28117630
28117630
28117630
28117630
28117630
28117630
28117630
28117630
28117630
28117630
28117630
28117630
28117630
28117630
28117630
28117630
28117630
28117630
28117630
28117630
28117630
28117630
28117630
28117630
28117630
28117630
28117630
28117630
28117630
28117630
28117630
28117630
28117630
28117630
28117630
28117630
28117630
28117630
28117630
28117630
28141145
28269245
28269245
28269245
28269245
28269245
28269245
28429700
28429700
28547405
28547405
28724130
28724130
28724130
28724130
28724130
28724130
28788255
28788255
28788255
28788255
28788255
28788255
29211310
29254060
29254060
29254060
29254060
29254060
29254060
30044880
30044880
30383905
30383905
30383905
30383905
30383905
30753995
30753995
31093020
31093020
31389295
31389295
31389295
31389295
31856420
31856420
32185820
32222420
32222420
32222420
32222420
32222420
32222420
32466240
32466240
32466240
32466240
32520340
32520340
32520340
32520340
32520340
32520340
32520340
32520340
32520340
32520340
32520340
32520340
32520340
32520340
32520340
32520340
32520340
32520340
32520340
32520340
32520340
32520340
32520340
32520340
32520340
32520340
32520340
32520340
32520340
32520340
32520340
32520340
32520340
32520340
32520340
32520340
32520340
32520340
32520340
32520340
32520340
32520340
32520340
32520340
32520340
32520340
32520340
32520340
32520340
32520340
32520340
32520340
32520340
32520340
32520340
32520340
32520340
32520340
32520340
32520340
32520340
32520340
32520340
32520340
32520340
32520340
32520340
32520340
32520340
32520340
32520340
32520340
32520340
32520340
32520340
32520340
32520340
32520340
32520340
32520340
32520340
32520340
32520340
32520340
32520340
32520340
32520340
32520340
32520340
32520340
32520340
32520340
32520340
32520340
32520340
32520340
33088570
33088570
33216670
33248590
33248590
33248590
33651190
33651190
33990215
33990215
33990215
34045115
34045115
34045115
34053790
34053790
34053790
34053790
34053790
34053790
34053790
34053790
34053790
34053790
34053790
34053790
34053790
34053790
34053790
34053790
34053790
34053790
34053790
34053790
34053790
34053790
34053790
34053790
34186165
34186165
34186165
34348615
34348615
34348615
34412455
34412455
34412455
34412455
34412455
34412455
34412455
34412455
34412455
34412455
34412455
34412455
34412455
34412455
34412455
34412455
34412455
34412455
34412455
34412455
34412455
34412455
34412455
34412455
34412455
34412455
34412455
34412455
34412455
34412455
34412455
34412455
34412455
34412455
34412455
34412455
34412455
34412455
34412455
34412455
34412455
34412455
34412455
34412455
34412455
34412455
34412455
34412455
34412455
34412455
34412455
34412455
34412455
34412455
34412455
34412455
34412455
34412455
34412455
34412455
34412455
34412455
34412455
34412455
34412455
34412455
34412455
34412455
34412455
34412455
34412455
34412455
34412455
34412455
34412455
34412455
34412455
34412455
34412455
34412455
34412455
34412455
34412455
34412455
34412455
34412455
34412455
34412455
34412455
34412455
34412455
34412455
34412455
34412455
34412455
34412455
34412455
34412455
34412455
34412455
34412455
34412455
34412455
34412455
34412455
34412455
34412455
34412455
34412455
34412455
34412455
34412455
34412455
34412455
34412455
34412455
34412455
34412455
34412455
34412455
34412455
34412455
34412455
34412455
34412455
34412455
34412455
34412455
34412455
34412455
34412455
34412455
34412455
34412455
34412455
34412455
34412455
34412455
34412455
34412455
34412455
34412455
34412455
34412455
34412455
34412455
34412455
34412455
34412455
34412455
34412455
34412455
34412455
34412455
34412455
34412455
34412455
34412455
34412455
34412455
34412455
34412455
34412455
34412455
34412455
34412455
34412455
34412455
34412455
34412455
34412455
34412455
34412455
34412455
34412455
34412455
34412455
34412455
34412455
34412455
34412455
34412455
34412455
34412455
34412455
34412455
34412455
34412455
34412455
34412455
34412455
34412455
34412455
34412455
34412455
34412455
34412455
34412455
34412455
34412455
34412455
34412455
34412455
34412455
34412455
34412455
34412455
34412455
34412455
34412455
34412455
34412455
34412455
34412455
34412455
34412455
34412455
34412455
34412455
34412455
34412455
34412455
34412455
34412455
34412455
34412455
34412455
34412455
34412455
34412455
34412455
34412455
34412455
34412455
34412455
34412455
34412455
34412455
34412455
34412455
34412455
34412455
34412455
34412455
34412455
34412455
34412455
34412455
34412455
34412455
34412455
34412455
34412455
34412455
34412455
34412455
34412455
34412455
34412455
34412455
34412455
34412455
34412455
34412455
34412455
34412455
34412455
34412455
34412455
34412455
34412455
34412455
