24454545
24454545
24454545
24454545
24711270
24711270
24711270
24711270
24711270
24711270
24711270
24711270
24711270
24711270
24711270
24711270
24711270
24711270
24711270
24711270
24711270
24711270
24711270
24711270
24711270
24711270
24711270
24711270
24711270
24711270
24711270
24711270
24711270
24711270
24711270
24711270
24711270
24711270
24711270
24711270
24711270
24711270
24711270
24711270
24711270
24711270
24711270
24711270
24711270
24711270
24939890
24947870
24947870
24947870
25239870
25239870
25239870
25239870
25239870
25239870
25239870
25239870
25380010
25416610
25416610
25416610
25712885
25712885
25712885
25712885
25712885
25712885
25712885
25712885
25712885
25712885
25712885
25712885
25712885
25712885
25712885
25712885
25712885
25712885
25712885
25712885
25712885
25712885
25712885
25712885
25712885
25712885
25712885
25712885
25712885
25712885
25712885
25712885
25712885
25712885
25712885
25712885
25712885
25712885
25712885
25712885
25712885
25712885
25712885
25712885
25712885
25712885
25712885
25712885
25712885
25712885
25712885
25712885
25712885
25712885
25712885
25712885
25712885
25712885
25712885
25712885
25712885
25712885
25712885
25712885
25712885
25712885
25712885
25712885
25712885
25712885
25712885
25712885
25712885
25712885
25712885
25712885
25712885
25712885
25712885
25712885
25712885
25712885
25712885
25712885
25712885
25712885
25712885
25712885
25712885
25712885
25712885
25712885
25712885
25712885
25712885
25712885
25712885
25712885
25712885
25712885
25712885
25712885
25712885
25712885
25712885
25712885
25712885
25712885
25712885
25712885
25712885
25712885
25712885
25712885
25712885
25712885
25712885
25712885
25712885
25712885
25712885
25712885
25712885
25712885
25712885
25712885
25712885
25712885
25712885
25712885
25712885
25813585
25813585
26152610
26152610
26513010
26513010
26513010
26513010
26513010
26513010
26513010
26513010
26513010
26513010
26513010
26513010
26513010
26513010
26513010
26513010
26513010
26513010
26513010
26513010
26513010
26513010
26513010
26513010
26513010
26513010
26513010
26513010
26513010
26513010
26513010
26513010
26513010
26513010
26513010
26513010
26513010
26513010
26513010
26513010
26513010
26513010
26513010
26513010
26513010
26513010
26513010
26513010
26513010
26513010
26649510
26649510
26662335
26662335
27083235
27083235
27083235
27083235
27083235
27083235
27083235
27083235
27083235
27083235
27083235
27083235
27083235
27083235
27083235
27083235
27083235
27083235
27083235
27083235
27083235
27083235
27083235
27083235
27083235
27083235
27083235
27083235
27083235
27083235
27083235
27083235
27083235
27083235
27083235
27083235
27083235
27083235
27083235
27083235
27083235
27083235
27083235
27083235
27083235
27083235
27083235
27083235
27083235
27083235
27083235
27083235
27083235
27083235
27083235
27083235
27083235
27083235
27083235
27083235
27083235
27083235
27083235
27083235
27083235
27083235
27083235
27083235
27083235
27083235
27083235
27083235
27083235
27083235
27083235
27083235
27083235
27083235
27083235
27083235
27083235
27083235
27083235
27083235
27083235
27083235
27083235
27083235
27083235
27083235
27083235
27083235
27083235
27083235
27083235
27083235
27083235
27083235
27083235
27083235
27083235
27083235
27083235
27083235
27083235
27083235
27083235
27083235
27083235
27083235
27083235
27083235
27083235
27083235
27083235
27083235
27083235
27083235
27083235
27083235
27083235
27083235
27083235
27083235
27083235
27083235
27083235
27083235
27083235
27083235
27083235
27083235
27083235
27083235
27083235
27083235
27083235
27083235
27083235
27083235
27083235
27083235
27083235
27083235
27083235
27083235
27083235
27083235
27083235
27083235
27083235
27083235
27083235
27083235
27083235
27083235
27083235
27083235
27083235
27083235
27083235
27083235
27083235
27083235
27083235
27083235
27083235
27083235
27274645
27274645
27274645
27384245
27475745
27544145
27544145
27544145
27544145
27544145
27544145
27544145
28194515
28194515
28215890
28215890
28262915
28262915
28262915
28601940
28620240
28620240
28620240
28620240
28620240
28620240
28620240
28620240
28620240
28620240
28620240
28620240
28620240
28620240
28620240
28620240
28620240
28620240
28620240
28620240
28620240
28620240
28620240
28620240
28620240
28620240
28620240
28620240
28620240
28620240
28620240
28620240
28620240
28620240
28620240
28620240
28620240
28620240
28620240
28620240
28620240
28620240
28620240
28620240
28620240
28620240
28620240
28620240
28620240
28620240
28620240
28620240
28620240
28620240
28620240
28620240
28620240
28620240
28620240
28620240
28620240
28620240
28620240
28620240
28620240
28620240
28620240
28620240
28620240
28620240
28620240
28620240
28620240
28620240
28620240
28620240
28620240
28620240
28620240
28620240
28620240
28620240
28620240
28620240
28620240
28620240
28620240
28620240
28620240
28620240
28620240
28620240
28620240
28620240
28620240
28620240
28620240
28620240
28620240
28620240
28620240
28620240
28620240
28620240
28620240
28620240
28620240
28620240
28620240
28620240
28620240
28620240
28620240
28620240
28620240
28620240
28620240
28620240
28620240
28620240
28620240
28620240
28620240
28620240
28620240
28620240
28620240
28620240
28620240
28620240
28620240
28620240
28620240
28620240
28620240
28620240
28620240
29185835
29185835
29185835
29185835
29185835
29185835
29185835
29185835
29185835
29185835
29185835
29185835
29185835
29185835
29185835
29185835
29185835
29185835
29185835
29185835
29185835
29185835
29185835
29185835
29185835
29185835
29185835
29185835
29185835
29185835
29185835
29185835
29185835
29185835
29185835
29185835
29185835
29185835
29185835
29185835
29185835
29185835
29185835
29185835
29185835
29185835
29185835
29185835
29185835
29185835
29185835
29185835
29185835
29185835
29185835
29185835
29185835
29185835
29185835
29185835
29185835
29185835
29185835
29185835
29185835
29185835
29185835
29185835
29185835
29185835
29185835
29185835
29185835
29185835
29185835
29185835
29185835
29185835
29185835
29185835
29185835
29185835
29185835
29185835
29185835
29185835
29185835
29185835
29185835
29185835
29185835
29185835
29185835
29185835
29185835
29185835
29185835
29185835
29185835
29185835
29185835
29185835
29185835
29185835
29185835
29185835
29185835
29185835
29185835
29185835
29185835
29185835
29185835
29185835
29185835
29185835
29185835
29185835
29185835
29185835
29185835
29185835
29185835
29185835
29185835
29185835
29185835
29185835
29185835
29185835
29185835
29185835
29185835
29185835
29185835
29185835
29185835
29185835
29185835
29185835
29185835
29185835
29185835
29185835
29185835
29185835
29185835
29185835
29185835
29185835
29185835
29185835
29185835
29185835
29185835
29185835
29185835
29185835
29185835
29185835
29185835
29185835
29185835
29185835
29185835
29185835
29185835
29185835
29185835
29185835
29185835
29185835
29185835
29185835
29185835
29185835
29185835
29185835
29185835
29185835
29185835
29185835
29185835
29185835
29185835
29185835
29185835
29185835
29185835
29185835
29185835
29185835
29185835
29185835
29185835
29185835
29185835
29185835
29185835
29185835
29185835
29185835
29185835
29185835
29185835
29185835
29185835
29185835
29185835
29185835
29185835
29185835
29185835
29185835
29185835
29185835
29185835
29185835
29185835
29185835
29185835
29185835
29185835
29185835
29185835
29185835
29185835
29185835
29185835
29185835
29185835
29185835
29185835
29185835
29185835
29185835
29185835
29185835
29185835
29185835
29185835
29185835
29185835
29185835
29185835
29185835
29185835
29185835
29185835
29185835
29185835
29185835
29185835
29185835
29185835
29185835
29185835
29185835
29185835
29185835
29185835
29185835
29185835
29185835
29185835
29185835
29185835
29185835
29185835
29185835
29185835
29185835
29185835
29185835
29185835
29185835
29185835
29185835
29185835
29185835
29185835
29185835
29185835
29185835
29185835
29185835
29185835
29185835
29185835
29185835
29185835
29185835
29185835
29185835
29185835
29185835
29185835
29185835
29185835
29185835
29185835
29185835
29185835
29185835
29185835
29185835
29185835
29185835
29185835
29185835
29185835
29185835
29185835
29185835
29185835
29185835
29185835
29185835
29185835
29185835
29185835
29185835
29185835
29185835
29185835
29185835
29185835
29185835
29185835
29185835
29185835
29185835
29185835
29185835
29185835
29185835
29185835
29185835
29185835
29185835
29185835
29185835
29185835
29185835
29185835
29185835
29185835
29185835
29185835
29185835
29185835
29185835
29185835
29185835
29185835
29185835
29185835
29185835
29185835
29185835
29185835
29185835
29185835
29185835
29185835
29185835
29185835
29185835
29185835
29185835
29185835
29185835
29185835
29185835
29185835
29185835
29185835
29185835
29185835
29185835
29185835
29185835
29185835
29185835
29185835
29185835
29185835
29185835
29185835
29185835
29185835
29185835
29185835
29185835
29185835
29185835
29185835
29185835
29185835
29185835
29185835
29185835
29185835
29185835
29185835
29185835
29185835
29185835
29185835
29185835
29185835
29185835
29185835
29185835
29185835
29185835
29185835
29185835
29185835
29185835
29185835
29185835
29185835
29185835
29185835
29185835
29185835
29185835
29185835
29185835
29185835
29185835
29185835
29185835
29185835
29185835
29185835
29185835
29185835
29185835
29185835
29185835
29185835
29185835
29185835
29185835
29185835
29185835
29185835
29185835
29185835
29185835
29185835
29185835
29185835
29185835
29185835
29185835
29185835
29185835
29185835
29185835
29185835
29185835
29185835
29185835
29185835
29185835
29185835
29185835
29185835
29185835
29185835
29185835
29185835
29185835
29185835
29185835
29185835
29185835
29185835
29185835
29185835
29185835
29185835
29185835
29185835
29185835
29185835
29185835
29185835
29185835
29185835
29185835
29185835
29185835
29185835
29185835
29185835
29185835
29185835
29185835
29185835
29185835
29185835
29185835
29185835
29185835
29185835
29185835
29185835
29185835
29185835
29185835
29185835
29185835
29185835
29185835
29185835
29185835
29185835
29185835
29185835
29185835
29185835
29185835
29185835
29185835
29185835
29185835
29185835
29185835
29185835
29185835
29185835
29185835
29185835
29185835
29185835
29185835
29185835
29185835
29185835
29185835
29185835
29185835
29185835
29185835
29185835
29185835
29185835
29185835
29185835
29185835
29185835
29185835
29185835
29185835
29185835
29185835
29185835
29185835
29185835
29185835
29185835
29185835
29185835
29185835
29185835
29185835
29185835
29185835
29185835
29185835
29185835
29185835
29185835
29185835
29185835
29185835
29185835
29185835
29185835
29185835
29185835
29185835
29185835
29185835
29185835
29185835
29185835
29185835
29185835
29185835
29185835
29185835
29185835
29185835
29185835
29185835
29185835
29185835
29185835
29185835
29185835
29185835
29185835
29185835
29185835
29185835
29185835
29185835
29185835
29185835
29185835
29185835
29185835
29185835
29185835
29185835
29185835
29185835
29185835
29185835
29185835
29185835
29185835
29185835
29185835
29185835
29185835
29185835
29185835
29185835
29185835
29185835
29185835
29185835
29185835
29185835
29185835
29185835
29185835
29185835
29185835
29185835
29185835
29185835
29185835
29185835
29185835
29185835
29185835
29185835
29185835
29185835
29185835
29185835
29185835
29185835
29185835
29185835
29185835
29185835
29185835
29185835
29185835
29185835
29185835
29185835
29185835
29185835
29185835
29185835
29185835
29185835
29185835
29185835
29185835
29185835
29185835
29185835
29185835
29185835
29185835
29185835
29185835
29185835
29185835
29185835
29185835
29185835
29185835
29185835
29185835
29185835
29185835
29185835
29185835
29185835
29185835
29185835
29185835
29185835
29185835
29185835
29185835
29185835
29185835
29185835
29185835
29185835
29185835
29185835
29185835
29185835
29185835
29185835
29185835
29185835
29185835
29185835
29185835
29185835
29185835
29185835
29185835
29185835
29185835
29185835
29185835
29185835
29185835
29185835
29185835
29185835
29185835
29185835
29185835
29185835
29185835
29185835
29185835
29185835
29185835
29185835
29185835
29185835
29185835
29185835
29185835
29185835
29185835
29185835
29185835
29432825
29432825
29432825
29432825
29432825
29432825
29432825
29432825
29432825
29432825
29432825
29432825
29432825
29432825
29432825
29432825
29432825
29432825
29432825
29432825
29432825
29432825
29432825
29432825
29432825
29432825
29432825
29432825
29432825
29432825
29432825
29432825
29432825
29432825
29432825
29432825
29432825
29432825
29432825
29432825
29432825
29432825
29432825
29432825
29432825
29432825
29432825
29432825
29432825
29432825
29432825
29432825
29432825
29432825
29432825
29432825
29432825
29432825
29432825
29432825
29432825
29432825
29432825
29432825
29432825
29432825
29432825
29432825
29432825
29432825
29432825
29432825
29432825
29432825
29432825
29432825
29432825
29432825
29432825
29432825
29432825
29432825
29432825
29432825
29432825
29432825
29432825
29432825
29432825
29432825
29432825
29432825
29432825
29432825
29432825
29432825
29432825
29432825
29432825
29432825
29432825
29432825
29432825
29432825
29432825
29432825
29432825
29432825
29432825
29432825
29432825
29432825
29432825
29432825
29432825
29432825
29432825
29432825
29432825
29432825
29432825
29432825
29432825
29432825
29432825
29432825
29432825
29432825
29572625
29572625
29572625
29572625
29572625
29911650
29958675
30251475
30251475
30251475
30251475
30251475
30251475
30251475
30517300
30517300
30517300
30517300
30517300
30517300
30517300
30517300
30517300
30517300
30517300
30517300
30517300
30517300
30517300
30517300
30517300
30517300
30517300
30517300
30517300
30517300
30517300
30517300
30517300
30572350
30572350
30572350
30617625
30873825
30882375
30882375
31238500
31251325
31251325
31251325
31299650
31299650
31299650
31299650
31299650
31299650
31299650
31299650
31299650
31299650
31701200
31701200
31701200
31701200
31701200
31701200
32040225
32040225
32040225
32302300
32302300
32500250
32500250
33351675
33373050
33373050
33712075
33712075
33712075
34042550
34042550
34042550
34628150
34719650
34719650
34719650
35233125
35233125
35233125
35301525
35301525
35301525
35301525
35301525
35301525
35301525
35301525
35301525
35301525
35301525
35301525
35301525
35301525
35301525
35301525
35301525
35301525
35301525
35301525
35301525
35301525
35301525
35301525
35301525
35301525
35301525
35301525
35301525
35301525
35301525
35301525
35301525
35301525
35301525
35301525
35301525
35301525
35301525
35301525
35301525
35301525
35301525
35301525
35301525
35301525
35301525
35301525
35301525
35301525
35301525
35301525
35301525
35301525
35301525
35301525
35301525
35301525
35301525
35301525
35301525
35301525
35301525
35301525
35301525
35301525
35301525
35301525
35301525
35301525
35301525
35301525
35301525
35301525
35301525
35301525
35301525
35301525
35301525
35301525
35301525
35301525
35301525
35301525
35301525
35301525
35301525
35301525
35301525
35301525
35301525
35301525
35301525
35301525
35301525
35301525
35301525
35301525
35301525
35301525
35301525
35301525
35301525
35301525
35301525
35301525
35301525
35301525
35301525
35301525
35301525
35301525
35301525
35301525
35301525
35301525
35301525
35301525
35301525
35301525
35301525
35301525
35301525
35301525
35301525
35301525
35301525
35301525
35301525
35301525
35301525
35301525
35301525
35301525
35301525
35301525
35301525
35301525
35301525
35301525
35301525
35301525
35301525
35301525
35301525
35301525
35301525
35301525
35301525
35301525
35301525
35301525
35301525
35301525
35301525
35301525
35301525
35301525
35301525
35301525
35301525
35301525
35301525
35301525
35301525
35301525
35301525
35301525
35301525
35301525
35301525
35301525
35301525
35301525
35301525
35301525
35301525
35301525
35301525
35301525
35301525
35301525
35301525
35301525
35301525
35301525
35301525
35301525
35301525
35301525
35301525
35301525
35301525
35301525
35301525
35301525
35301525
35301525
35301525
35301525
35301525
35301525
35301525
35301525
35301525
35301525
35301525
35301525
35301525
35301525
35301525
35301525
35301525
35301525
35301525
35301525
35301525
35301525
35301525
35301525
35301525
35301525
35301525
35301525
35301525
35301525
35301525
35301525
35301525
35301525
35301525
35301525
35301525
35301525
35301525
35301525
35301525
35301525
35301525
35301525
35301525
35301525
35301525
35301525
35301525
35301525
35301525
35301525
35301525
35301525
35301525
35301525
35301525
35301525
35301525
35301525
35301525
35301525
35301525
35301525
35301525
35301525
35301525
35301525
35301525
35301525
35301525
35301525
35301525
35301525
35301525
35301525
35301525
35301525
35301525
35301525
35301525
35301525
35301525
35301525
35301525
35301525
35301525
35301525
35301525
35301525
35301525
35301525
35301525
35301525
35301525
35301525
35301525
35301525
35301525
35301525
35301525
35301525
35301525
35301525
35301525
35301525
35301525
35301525
35301525
35301525
35301525
35301525
35301525
35301525
35301525
35301525
35301525
35301525
35301525
35301525
35301525
35301525
35301525
35301525
35301525
35301525
35301525
35301525
35301525
35301525
35301525
35301525
35301525
35301525
35301525
35301525
35301525
35301525
35301525
35301525
35301525
35301525
35301525
35301525
35301525
35301525
35301525
35301525
35301525
35301525
35301525
35301525
