25114710
25114710
25114710
25114710
25114710
25114710
25114710
25114710
25114710
25114710
25114710
25114710
25114710
25114710
25114710
25114710
25114710
25114710
25114710
25114710
25114710
25114710
25114710
25114710
25114710
25114710
25114710
25114710
25114710
25114710
25114710
25114710
25114710
25114710
25114710
25114710
25114710
25114710
25114710
25114710
25114710
25114710
25114710
25114710
25114710
25114710
25114710
25114710
25114710
25114710
25114710
25114710
25114710
25114710
25114710
25114710
25114710
25114710
25114710
25114710
25114710
25114710
25114710
25114710
25114710
25114710
25114710
25114710
25114710
25114710
25114710
25114710
25114710
25114710
25114710
25114710
25114710
25114710
25114710
25114710
25114710
25114710
25114710
25114710
25114710
25114710
25114710
25114710
25114710
25114710
25114710
25114710
25114710
25114710
25114710
25114710
25114710
25114710
25114710
25114710
25114710
25114710
25114710
25114710
25114710
25114710
25114710
25114710
25114710
25114710
25114710
25114710
25114710
25114710
25114710
25114710
25114710
25114710
25114710
25114710
25114710
25114710
25114710
25114710
25114710
25114710
25114710
25114710
25114710
25114710
25114710
25114710
25114710
25114710
25114710
25114710
25114710
25114710
25114710
25114710
25114710
25114710
25114710
25114710
25114710
25114710
25114710
25114710
25114710
25114710
25114710
25114710
25114710
25114710
25114710
25114710
25114710
25114710
25114710
25114710
25114710
25114710
25114710
25114710
25114710
25114710
25114710
25114710
25114710
25114710
25114710
25114710
25114710
25114710
25114710
25114710
25114710
25114710
25114710
25114710
25114710
25114710
25114710
25114710
25114710
25114710
25114710
25114710
25114710
25114710
25114710
25114710
25114710
25114710
25114710
25114710
25114710
25114710
25114710
25114710
25114710
25114710
25114710
25114710
25114710
25114710
25114710
25114710
25114710
25114710
25114710
25114710
25114710
25114710
25114710
25114710
25114710
25114710
25114710
25114710
25114710
25114710
25114710
25114710
25114710
25114710
25114710
25114710
25114710
25114710
25114710
25114710
25114710
25114710
25114710
25114710
25114710
25114710
25114710
25114710
25114710
25114710
25114710
25114710
25114710
25114710
25114710
25114710
25114710
25114710
25114710
25114710
25114710
25114710
25114710
25114710
25114710
25114710
25114710
25114710
25114710
25114710
25114710
25114710
25114710
25114710
25114710
25114710
25114710
25114710
25114710
25114710
25114710
25114710
25114710
25114710
25114710
25114710
25114710
25114710
25114710
25114710
25114710
25114710
25114710
25114710
25114710
25114710
25114710
25114710
25114710
25114710
25114710
25114710
25114710
25114710
25114710
25114710
25114710
25114710
25114710
25114710
25114710
25114710
25114710
25114710
25114710
25114710
25114710
25114710
25114710
25114710
25114710
25114710
25114710
25114710
25114710
25114710
25114710
25114710
25114710
25114710
25114710
25114710
25114710
25114710
25114710
25114710
25114710
25114710
25114710
25114710
25114710
25114710
25114710
25114710
25114710
25114710
25114710
25114710
25114710
25114710
25114710
25114710
25114710
25114710
25114710
25114710
25114710
25114710
25114710
25114710
25114710
25114710
25114710
25114710
25114710
25114710
25114710
25114710
25114710
25114710
25114710
25114710
25114710
25114710
25114710
25114710
25114710
25114710
25114710
25114710
25114710
25114710
25114710
25114710
25114710
25114710
25114710
25114710
25114710
25114710
25114710
25114710
25114710
25114710
25114710
25114710
25114710
25114710
25114710
25114710
25114710
25114710
25114710
25114710
25114710
25114710
25114710
25114710
25114710
25114710
25114710
25114710
25114710
25114710
25114710
25114710
25114710
25114710
25114710
25114710
25114710
25114710
25114710
25114710
25114710
25114710
25114710
25114710
25114710
25114710
25114710
25114710
25114710
25114710
25114710
25114710
25114710
25114710
25114710
25114710
25114710
25114710
25114710
25114710
25114710
25114710
25114710
25114710
25114710
25114710
25114710
25114710
25114710
25114710
25114710
25114710
25114710
25114710
25114710
25114710
25114710
25114710
25114710
25114710
25114710
25114710
25114710
25114710
25114710
25114710
25119315
25119315
25119315
25119315
25119315
25119315
25119315
25119315
25119315
25119315
25119315
25119315
25119315
25119315
25119315
25119315
25119315
25119315
25119315
25119315
25251995
25251995
25251995
25251995
25251995
25251995
25315565
25315565
25315565
25315565
25315565
25315565
25315565
25345080
25345080
25375005
25396380
25396380
25735405
25735405
25735405
26074430
26074430
26074430
26074430
26074430
26074430
26074430
26074430
26074430
26074430
26074430
26074430
26074430
26074430
26074430
26074430
26074430
26074430
26074430
26074430
26074430
26074430
26074430
26074430
26074430
26074430
26074430
26074430
26074430
26074430
26074430
26074430
26074430
26074430
26074430
26074430
26074430
26074430
26074430
26074430
26074430
26074430
26074430
26074430
26074430
26074430
26074430
26074430
26074430
26074430
26074430
26074430
26074430
26074430
26074430
26074430
26074430
26074430
26074430
26074430
26074430
26074430
26074430
26074430
26074430
26074430
26074430
26074430
26074430
26074430
26074430
26074430
26074430
26074430
26074430
26359640
26359640
26359640
26359640
26363915
26363915
26473070
26473070
26473070
26473070
26812095
26812095
26812095
26812095
26812095
26812095
26812095
26812095
26812095
26885295
26885295
26885295
26885295
26902395
26902395
27241420
27279895
27444595
27444595
27444595
27444595
27749420
27987320
28005620
28005620
28344645
28424445
28424445
28424445
28424445
28424445
28675690
28675690
28675690
28675690
28675690
28675690
28878710
28882985
28882985
28882985
28882985
28882985
28882985
28882985
28882985
28882985
28882985
28882985
28882985
28882985
28882985
28882985
28882985
28882985
28882985
28882985
28882985
28882985
28882985
28882985
28882985
28882985
28882985
28882985
28882985
28882985
28882985
28882985
28882985
28882985
28882985
28882985
28882985
28882985
28882985
28882985
28882985
28882985
28882985
28882985
28882985
28882985
28882985
28882985
28882985
28882985
28882985
28882985
28882985
28882985
28882985
28882985
28882985
28882985
28882985
28882985
28882985
28882985
28882985
28882985
28882985
28882985
28882985
28882985
28882985
28882985
28882985
28882985
28882985
28882985
28882985
28882985
28882985
28882985
28882985
28882985
28882985
28882985
28882985
28882985
28949940
29132940
29132940
29132940
29132940
29132940
29132940
29132940
29132940
29281060
29281060
30250960
30250960
30250960
30250960
30250960
30585710
30585710
30585710
30585710
30585710
30585710
30585710
30585710
30585710
30585710
30585710
30585710
30585710
30585710
30585710
30585710
30585710
30585710
30585710
30585710
30585710
30585710
30585710
30585710
30585710
30585710
30585710
30585710
30585710
30585710
30585710
30585710
30585710
30585710
30585710
30585710
30585710
30585710
30585710
30585710
30585710
30585710
30585710
30585710
30585710
30585710
30585710
30585710
30585710
30585710
30585710
30585710
30585710
30585710
30585710
30585710
30585710
30585710
30585710
30585710
30585710
30766685
30766685
30766685
30766685
30766685
30800885
30800885
31139910
31139910
31139910
31139910
31139910
31139910
31217385
31217385
31217385
31217385
31217385
31217385
31217385
31217385
31435135
31435135
31435135
31435135
31435135
31435135
31435135
31435135
31435135
31435135
31435135
31435135
31435135
31435135
31554050
31554050
31554050
31554050
31554050
31554050
31554050
31554050
31554050
31554050
31554050
31554050
31554050
31554050
31575980
31575980
31575980
31575980
31575980
31575980
31575980
31575980
31575980
31575980
31575980
31575980
31575980
31575980
31575980
31575980
31575980
31575980
31575980
31575980
31575980
31575980
31575980
31575980
31575980
31575980
31575980
31575980
31575980
31575980
31575980
31575980
31575980
31575980
31575980
31575980
31575980
31575980
31575980
31575980
31575980
31575980
31575980
31575980
31575980
31575980
31575980
31575980
31575980
31575980
31575980
31575980
31575980
31575980
31575980
31575980
31575980
31575980
31575980
31575980
31575980
31575980
31575980
31575980
31575980
31575980
31575980
31575980
31575980
31575980
31575980
31575980
31575980
31575980
31575980
31575980
31575980
31575980
31575980
31575980
31575980
31575980
31575980
31575980
31575980
31575980
31575980
31575980
31575980
31575980
31575980
31575980
31575980
31575980
31575980
31575980
31575980
31575980
31575980
31575980
31575980
31575980
31575980
31575980
31575980
31575980
31575980
31575980
31575980
31575980
31575980
31575980
31575980
31575980
31575980
31575980
31575980
31575980
31575980
31575980
31575980
31575980
31575980
31575980
31575980
31575980
31575980
31575980
31575980
31575980
31575980
31575980
31575980
31575980
31575980
31575980
31575980
31575980
31575980
31575980
31575980
31575980
31575980
31575980
31575980
31575980
31575980
31575980
31575980
31575980
31575980
31575980
31575980
31575980
31575980
31575980
31575980
31575980
31575980
31575980
31575980
31575980
31575980
31575980
31575980
31575980
31575980
31575980
31575980
31575980
31575980
31575980
31575980
31575980
31575980
31575980
31575980
31575980
31575980
31575980
31575980
31575980
31575980
31575980
31575980
31575980
31575980
31575980
31575980
31575980
31575980
31575980
31575980
31575980
31575980
31575980
31575980
31575980
31575980
31575980
31575980
31575980
31575980
31575980
31575980
31575980
31575980
31575980
31575980
31575980
31575980
31575980
31575980
31575980
31575980
31575980
31575980
31575980
31575980
31575980
31575980
31575980
31575980
31575980
31575980
31575980
31575980
31575980
31575980
31575980
31575980
31575980
31575980
31575980
31575980
31575980
31575980
31575980
31575980
31575980
31575980
31575980
31575980
31575980
31575980
31575980
31575980
31575980
31575980
31575980
31575980
31575980
31575980
31575980
31575980
31575980
31575980
31575980
31575980
31575980
31575980
31575980
31575980
31575980
31575980
31575980
31575980
31575980
31575980
31575980
31575980
31575980
31575980
31575980
31575980
31575980
31575980
31575980
31575980
31575980
31575980
31575980
31575980
31575980
31575980
31575980
31575980
31575980
31575980
31575980
31575980
31575980
31575980
31575980
31575980
31575980
31575980
31575980
31575980
31575980
31575980
31575980
31575980
31575980
31575980
31575980
31575980
31575980
31575980
31575980
31575980
31575980
31575980
31575980
31575980
31575980
31575980
31575980
31575980
31575980
31575980
31575980
31575980
31575980
31575980
31575980
31575980
31575980
31575980
31575980
31575980
31575980
31575980
31575980
31575980
31575980
31575980
31575980
31575980
31575980
31575980
31575980
31575980
31575980
31575980
31575980
31575980
31575980
31575980
31575980
31575980
31575980
31575980
31575980
31575980
31575980
31575980
31575980
31575980
31575980
31575980
31575980
31575980
31575980
31575980
31575980
31575980
31575980
31575980
31575980
31575980
31575980
31575980
31575980
31575980
31575980
31575980
31575980
31575980
31575980
31575980
31575980
31575980
31575980
31575980
31575980
31575980
31575980
31575980
31575980
31575980
31575980
31575980
31575980
31575980
31575980
31575980
31575980
31575980
31575980
31575980
31575980
31575980
31575980
31575980
31575980
31575980
31575980
31575980
31575980
31575980
31575980
31575980
31575980
31575980
31575980
31575980
31575980
31575980
31575980
31575980
31575980
31575980
31575980
31575980
31575980
31575980
31575980
31575980
31575980
31575980
31575980
31575980
31575980
31575980
31575980
31575980
31575980
31575980
31575980
31575980
31575980
31575980
31575980
31575980
31575980
31575980
31575980
31575980
31575980
31575980
31575980
31575980
31575980
31575980
31575980
31575980
31575980
31575980
31575980
31575980
31575980
31575980
31575980
31575980
31575980
31575980
31575980
31575980
31575980
31575980
31575980
31575980
31575980
31575980
31575980
31575980
31575980
31575980
31575980
31575980
31575980
31575980
31575980
31575980
31575980
31575980
31575980
31575980
31575980
31575980
31575980
31575980
31575980
31575980
31575980
31575980
31575980
31575980
31575980
31575980
31575980
31575980
31575980
31575980
31575980
31575980
31575980
31575980
31575980
31575980
31575980
31575980
31575980
31575980
31575980
31575980
31575980
31575980
31575980
31575980
31575980
31575980
31575980
31575980
31575980
31575980
31575980
31575980
31575980
31575980
31575980
31575980
31575980
31575980
31575980
31575980
31575980
31575980
31575980
31575980
31575980
31575980
31575980
31575980
31575980
31575980
31575980
31575980
31575980
31575980
31575980
31575980
31575980
31575980
31575980
31575980
31575980
31575980
31575980
31575980
31575980
31575980
31575980
31575980
31575980
31575980
31575980
31575980
31575980
31575980
31575980
31575980
31575980
31575980
31575980
31575980
31575980
31575980
31575980
31575980
31575980
31575980
31575980
31575980
31575980
31575980
31575980
31575980
31575980
31575980
31575980
31575980
31575980
31575980
31575980
31575980
31575980
31575980
31575980
31575980
31575980
31575980
31575980
31575980
31575980
31575980
31575980
31575980
31575980
31575980
31575980
31575980
31575980
31575980
31575980
31575980
31575980
31575980
31575980
31575980
31575980
31575980
31575980
31575980
31575980
31575980
31575980
31575980
31575980
31575980
31575980
31575980
31575980
31575980
31575980
31575980
31575980
31575980
31575980
31575980
31575980
31575980
31575980
31575980
31575980
31575980
31575980
31575980
31575980
31575980
31575980
31575980
31575980
31575980
31575980
31575980
31575980
31575980
31575980
31575980
31575980
31575980
31575980
31575980
31575980
31575980
31575980
31575980
31575980
31575980
31575980
31575980
31575980
31575980
31575980
31575980
31575980
31575980
31575980
31575980
31575980
31575980
31575980
31575980
31575980
31575980
31575980
31575980
31575980
31575980
31575980
31575980
31575980
31575980
31575980
31575980
31575980
31575980
31575980
31575980
31575980
31575980
31575980
31575980
31575980
31575980
31575980
31575980
31575980
31575980
31575980
31575980
31575980
31575980
31575980
31575980
31575980
31575980
31575980
31575980
31575980
31575980
31575980
31575980
31575980
31575980
31575980
31575980
31575980
31575980
31575980
31575980
31575980
31575980
31575980
31575980
31575980
31575980
31575980
31575980
31575980
31575980
31575980
31575980
31575980
31575980
31575980
31575980
31575980
31575980
31575980
31575980
31575980
31575980
31575980
31575980
31575980
31575980
31575980
31575980
31575980
31575980
31575980
31575980
31575980
31575980
31575980
31575980
31575980
31575980
31575980
31575980
31575980
31575980
31575980
31575980
31575980
31575980
31575980
31575980
31575980
31575980
31575980
31575980
31575980
31575980
31575980
31575980
31575980
31575980
31575980
31575980
31575980
31575980
31575980
31575980
31575980
31575980
31575980
31575980
31575980
31575980
31575980
31575980
31575980
31575980
31575980
31575980
31575980
31575980
31575980
31575980
31575980
31575980
31575980
31575980
31575980
31575980
31575980
31575980
31575980
31575980
31575980
31575980
31575980
31575980
31575980
31575980
31575980
31575980
31575980
31575980
31575980
31575980
31575980
31575980
31575980
31575980
31575980
31575980
31575980
31575980
31575980
31575980
31575980
31575980
31575980
31575980
31575980
31575980
31575980
31575980
31575980
31575980
31575980
31575980
31575980
31575980
31575980
31575980
31575980
31575980
31575980
31575980
31575980
31575980
31575980
31575980
31575980
31575980
31575980
31575980
31575980
31575980
31575980
31575980
31575980
31575980
31575980
31575980
31575980
31575980
31575980
31575980
31575980
31575980
31575980
31575980
31575980
31575980
31575980
31575980
31575980
31575980
31575980
31575980
31575980
31575980
31575980
31575980
31575980
31575980
31575980
31575980
31575980
31575980
31575980
31575980
31575980
31575980
31575980
31575980
31575980
31575980
31575980
31575980
31575980
31575980
31575980
31575980
31575980
31575980
31575980
31575980
31575980
31575980
31575980
31575980
31575980
31575980
31575980
31575980
31575980
31575980
31575980
31575980
31575980
31575980
31575980
31575980
31575980
31575980
31575980
31575980
31575980
31575980
31575980
31575980
31575980
31575980
31575980
31575980
31575980
31575980
31575980
31575980
31575980
31575980
31575980
31575980
31575980
31575980
31575980
31575980
31575980
31575980
31575980
31575980
31575980
31575980
31575980
31575980
31575980
31575980
31575980
31575980
31575980
31575980
31575980
31575980
31575980
31575980
31575980
31575980
31575980
31575980
31575980
31575980
31575980
31575980
31575980
31575980
31575980
31575980
31575980
31575980
31575980
31575980
31575980
31575980
31575980
31575980
31575980
31575980
31575980
31575980
31575980
31575980
31575980
31575980
31575980
31575980
31575980
31575980
31575980
31575980
31575980
31575980
31575980
31575980
31575980
31575980
31575980
31575980
31575980
31575980
31575980
31575980
31575980
31575980
31575980
31575980
31575980
31575980
31575980
31575980
31575980
31575980
31575980
31575980
31575980
31575980
31575980
31575980
31575980
31575980
31575980
31575980
31575980
31575980
31575980
31575980
31575980
31575980
31575980
31575980
31575980
