16849740
18025695
17002875
17432415
17031480
17434710
17680815
18595065
17311935
19782420
18109770
17370540
18206085
17667960
16916085
17251050
17272845
17682285
17481030
17709090
17501670
17455410
16868595
17423190
17460240
17962920
17923755
17520000
17642430
17690955
17941605
17539920
17824530
17452380
17679675
17283300
18126105
17490600
16802280
17112285
17801625
17646960
17487735
18188640
17925150
17324295
17378010
17630670
20108040
17400330
18324525
17973540
17600970
17513970
16884645
17148795
18190410
17627040
16875660
17565255
18058290
17800050
17883765
18303345
18202290
17166435
17700885
17475900
17500290
17042670
18034695
17691060
17456070
17844750
18088710
16835130
17434905
18193920
19048905
17064255
17380080
17181840
16855500
18139995
16917180
17985375
17744265
17847240
18112500
17012715
16685985
16599330
17355390
17615145
18112470
18415020
18335925
17890725
16810620
17509290
