24052395
24543870
24472650
24264705
24425220
24614355
24218565
24783075
24496965
24003525
24699270
23788170
24116580
24364485
23801025
23847630
24567465
25375080
24585450
24342510
24836085
24349005
24101145
24083865
24308730
24914250
24866475
24312555
23918355
24523515
24783195
24798135
25045800
24205485
24572535
24880335
24394800
24261375
24253785
24245910
24664155
24461250
24606090
24394170
25291770
24087705
24004290
24576180
24665685
24908760
24022395
24481080
24711870
24251430
24756975
24509160
24266745
24200430
24946995
24262245
24517995
23897640
24431205
24454965
24329745
24419205
24292440
24151650
25657785
25490640
24727905
25438320
24517680
24360090
24474795
24076320
24410505
24454890
24877005
24319590
24763260
24499515
24813885
24257265
23831220
24880530
24284985
24205425
24729780
24256980
23939655
24734370
24456945
24757635
24437190
24334065
25143315
24455610
25366890
24356145
