11623755
11637375
9758745
11146545
10077660
8967975
10705050
10280265
10283700
11053890
9866415
10292100
10501290
11299095
9569655
9480045
10849155
9341055
9860160
9820140
9663735
11488080
9889920
9098940
9699390
11320530
10864170
10227465
9578415
10230855
10609395
9539445
11877285
10025760
9043395
14089620
10684530
11813835
11943090
9944310
9604425
12120780
9981375
10590765
10263885
10847970
10109145
10931055
10287285
10267005
12318330
11119230
9823815
16020360
10246800
11750955
8949810
11090985
10063335
10852770
9931875
10020630
10419930
10319850
9980085
10797375
10090440
10595325
9861375
9610500
10153050
12411780
10930170
13604550
8988435
10037235
9652470
10995885
9395805
11025030
10516815
10550490
10499670
10443870
10564440
11114280
10614705
11159280
9994305
9208200
11195655
9887550
10221795
10112715
10153890
10019970
10621305
10150245
11293425
9799350
